-2.5995 0.9798 1.1472 1.2716 -0.6199 1.9713 2.6422 1.4001 1.0402 0.0723 1.0151 -1.9991 -2.2056 -0.8319 -0.0796 -1.4445 -0.1783 0.0314 1.5543 1.7787 0.6515 -1.9062 -1.7648 1.6139 -2.408 2.9813 1.528 -1.5632 0.453 -1.6272 2.3839 -1.5112 0.1348 -1.8337 2.7604 
0.0031 -2.8624 2.6007 -1.5968 1.1778 -2.6918 2.4183 -0.1861 1.7378 2.2216 0.3695 -2.7067 -0.9566 -1.8571 1.8477 -2.1779 -0.5704 0.5767 2.9756 1.6788 1.1687 2.9569 0.2068 0.2407 -1.9548 -0.7852 -2.7402 -0.466 -0.1622 -1.5739 2.9296 2.8409 -1.4363 0.1655 1.8793 0.3767 -1.8911 -1.0672 0.8259 2.8468 
-1.8455 -1.8046 -2.8599 0.1979 2.9736 -0.377 -1.3448 -0.5968 -2.8003 2.266 1.7172 -0.9964 -0.1418 -1.0759 -0.1204 -1.4614 -1.2259 0.1394 -1.2922 1.612 1.5656 -1.3626 -0.9119 0.7645 -0.5618 -2.0325 1.7765 0.5471 -2.4645 -0.3976 0.3939 -1.31 -1.567 -1.8307 -0.4769 -1.5934 0.7923 -1.1864 0.8099 -1.3727 
-1.9204 -2.8377 -1.7339 0.9378 -0.9136 1.1457 2.4764 -1.5042 1.9204 1.8194 0.743 0.486 -2.5431 2.8311 1.8857 -0.1049 1.4338 0.6622 -2.5578 1.9694 0.8998 -1.5286 1.2946 2.3329 -0.3593 -2.1822 1.3747 -2.567 -0.3686 2.8198 2.6955 -1.6538 2.9822 -2.0383 2.2841 2.7038 -0.2574 -0.6043 -1.8004 -1.337 
-1.7848 1.9426 -0.2158 2.3073 -0.591 -1.33 2.8376 -2.1572 -0.0326 0.915 0.4474 1.5025 2.3864 2.3773 0.8354 -0.9729 0.8303 -0.7899 -2.9046 1.0969 2.6652 2.7909 2.4431 2.6474 -2.2474 -0.6376 2.3512 -1.8695 -0.6066 -2.4491 -0.2065 0.6086 0.1287 0.213 -2.4489 2.5377 1.883 -2.6113 1.0158 2.4856 
1.3037 2.0984 0.9881 -1.6746 1.4757 2.4587 0.3525 -0.694 2.3041 0.4479 -2.5971 1.9693 0.2389 2.8461 1.6167 -1.3733 2.8437 -1.3969 -0.2428 -0.7629 2.7892 0.186 0.4809 -0.082 -2.601 1.032 -2.9091 -0.0828 -0.9441 1.1067 -2.962 0.9949 -2.1596 1.0262 2.3203 2.3161 -1.8799 -2.692 2.2574 -2.5758 
0.756 0.2955 0.0287 1.6301 -2.2232 2.2806 -2.7432 -2.3794 -2.1162 -2.3507 -0.1423 -2.327 -1.5295 0.9739 -1.7738 -1.1305 -0.9941 -1.6828 -0.5781 -1.3029 0.0591 -0.5401 0.3272 0.8995 -2.5139 -0.3525 -2.1491 2.2415 -0.0445 -2.8917 2.6657 1.3467 0.4038 -2.6703 -0.0232 1.1807 2.6103 -2.1311 -0.5635 1.1293 
2.1534 -0.0706 1.8024 -2.3761 -2.0967 -2.9714 -0.5066 -2.4555 1.981 1.9153 -0.7584 -0.9598 -1.6248 2.5688 0.5749 2.4966 2.8515 1.4258 1.7381 -2.5578 -0.8307 -0.961 1.789 0.2084 -0.6313 -1.2342 -1.6109 2.6143 -2.7301 -1.5392 0.7436 2.4233 1.3902 -2.8188 -2.9528 2.2936 0.8451 -2.8242 2.8381 -0.1739 
2.0911 -0.9203 -0.4985 1.1016 2.2837 -2.9235 -1.7666 2.1352 1.5023 2.9715 2.5774 1.3069 2.6457 -0.9984 -1.4847 2.6497 0.7675 -2.4604 2.264 -1.3274 -0.9996 -2.3572 -1.904 -2.6094 -2.1759 -1.8568 0.3194 1.6692 -1.6809 0.1575 2.1305 1.0454 -0.1276 -1.3679 2.7822 2.7913 -1.2914 -1.9844 -0.4383 0.8461 
1.6223 -0.8608 -0.847 1.2681 -1.224 0.6683 -1.447 0.1787 1.2079 -2.183 1.8514 0.8435 -1.5402 2.9474 1.2342 2.9191 1.7258 2.1888 -0.7765 -2.9551 -0.6536 -1.6459 -1.2744 -0.146 -0.0138 2.143 -0.3546 1.6948 -2.8413 2.2071 -2.8239 -0.5838 1.9815 -0.6708 1.3195 -2.2424 0.6327 2.8725 0.9363 2.4759 
1.3247 -0.2123 0.3194 0.4198 -2.6297 2.1888 0.3389 2.0962 1.3777 2.5625 -0.2237 1.3593 -2.0834 1.5019 -1.7867 0.9028 0.645 -1.5061 -2.7672 -1.5611 -2.2989 1.0441 -1.5097 2.6826 1.0085 2.8099 1.0754 2.2765 2.6824 -0.9882 1.7524 1.0072 -0.5653 2.707 -1.573 -0.1949 -0.4689 -0.5989 -1.0987 1.544 
2.5988 1.6776 -0.0967 -2.4846 -2.1852 -1.2482 -0.9466 -0.905 0.2458 2.9214 -1.8309 -1.4179 0.9656 -0.3406 1.8999 2.6093 -0.5307 -0.0246 1.8858 2.787 -0.3776 0.6382 -1.5706 -0.3077 -2.0195 -2.5084 2.4974 0.5116 -2.4721 2.0339 -0.9444 -2.8732 -1.6532 1.9589 -2.3578 2.7968 1.3459 -2.6691 2.527 -1.4083 
-2.7477 -2.3039 -2.191 -1.1469 -2.0093 2.709 -1.5375 -1.9047 -0.3156 0.9835 -2.1177 -0.058 -1.3782 2.9469 2.6343 -0.3977 1.0737 -0.233 0.7491 1.6016 2.4361 2.8047 1.7284 1.4181 -0.6012 2.3707 1.2149 -2.2553 0.3368 0.7419 2.9717 -1.7757 -0.9268 -2.2193 0.0775 0.064 1.1249 -0.8248 1.1593 -2.1907 
-2.8413 -0.3232 -1.6135 2.4157 -2.7411 1.6561 2.6532 1.3326 -1.5769 0.4023 -0.0658 1.4944 0.207 -1.3373 -0.0874 2.6058 1.6686 1.7627 0.9858 -0.9946 -2.8601 -1.4073 0.2297 -0.7869 -0.6266 0.9424 -0.0877 -2.5016 0.7528 1.7068 1.9429 0.9116 2.0188 0.9647 -2.0375 2.2777 -0.3792 -2.3842 -1.7545 -1.3209 
1.0181 -1.185 -2.8265 -1.7748 -1.8871 -2.2787 1.4662 2.7815 2.4841 -2.9128 2.4221 2.624 -1.3201 -2.713 -1.1629 -1.3114 -1.1353 -0.6153 2.8222 2.6175 -1.9085 -0.5997 -1.8357 -2.8896 -2.635 -0.8731 0.0233 -2.379 -0.2573 -1.0959 -0.6999 1.396 0.7191 -2.8911 0.2564 1.832 -2.1698 -1.2773 -0.7513 -2.6857 
2.4451 -1.3292 2.9383 -1.8749 2.593 2.4107 -0.1863 -1.5423 2.4306 -0.3641 -1.9247 -2.4779 2.0362 -0.7604 1.2677 0.0365 -0.9983 1.9263 0.6575 -0.6204 -2.1696 2.9577 -2.2243 -0.8153 -2.9334 1.0321 -1.9833 1.532 0.39 0.2654 1.8464 -0.1648 -0.4286 -0.5801 -1.4045 -0.8356 2.4658 1.4092 -1.7426 1.8964 
1.6803 -0.6673 0.0538 -1.6483 -0.7925 1.9567 1.3882 1.2093 0.883 2.681 -2.4111 -0.6514 0.2739 1.9998 1.5333 0.3405 0.032 0.1852 2.5077 -2.578 -2.5494 1.3541 -2.1076 -2.3428 1.4093 -0.5121 -0.1783 -1.4897 1.5323 1.0791 -2.5932 0.2126 1.047 -1.9042 -0.8004 0.8897 -2.9475 1.223 2.7342 -1.4292 
0.904 0.9584 -1.4454 -1.8221 -0.0418 -2.912 -0.8464 2.9902 -2.0916 -1.3386 1.0475 -1.6409 0.6507 -0.4249 2.6515 -0.94 2.0631 -0.5268 -1.7944 -1.7694 1.1875 -1.3876 1.4433 2.8697 -0.2918 1.2781 0.7595 -2.6041 -0.4989 0.4937 -1.0333 -2.5948 -1.5479 -1.8434 2.2183 -0.9544 1.8798 -1.628 2.671 2.7882 
-2.3314 -1.6463 1.7825 1.3193 0.9289 1.4341 1.0146 -2.3728 1.5425 2.2202 -1.1422 -0.2699 1.4678 -2.6989 -2.765 1.8112 -0.7856 0.9945 2.2071 1.7156 2.1235 1.8091 -0.244 1.2108 2.9657 -1.0257 -2.7436 1.8455 -2.0185 2.9275 -0.7311 -1.3499 -1.7188 -1.9485 0.6047 -0.1547 2.4856 -1.3807 0.4725 1.0281 
1.4747 2.3304 1.3934 -0.0575 0.2667 1.6285 2.3889 2.4812 -0.377 1.596 -1.168 -1.2535 -1.9597 1.588 0.5926 1.6412 1.1975 0.849 -1.8781 -0.1857 -1.5883 0.3909 -0.9004 -2.6718 1.4424 2.7043 0.1735 0.928 1.9588 -2.3539 2.5913 -1.9313 0.6117 0.9848 -1.3536 -2.1216 -0.3867 -1.9647 -2.6404 2.2363 
2.6314 2.8268 1.6181 1.3069 -0.95 -0.7893 -0.0518 0.8828 0.6949 -1.2947 -2.3029 -0.2581 2.0962 -0.2033 0.0701 0.5386 -2.8637 0.8788 2.1018 -0.2697 -0.8399 1.6932 0.7991 2.7718 -0.322 2.4455 -2.3497 -0.0735 -2.5191 1.6451 -0.8372 0.7475 1.472 1.4161 -0.9456 -2.478 1.262 -0.3622 1.4048 -1.043 
1.3432 -0.2629 -0.6659 0.4394 0.1691 0.0394 1.6133 0.3054 -2.0818 -1.6497 -2.9643 -2.2864 0.6787 -1.53 -2.5146 -2.6433 -2.0844 1.7709 0.2832 -1.6035 -1.9487 0.0813 -0.2208 2.5233 2.1326 1.8336 0.6805 0.3947 2.1067 2.7206 -0.0131 0.4499 -2.9071 2.321 1.5245 0.262 -0.6396 0.1378 1.2026 -2.0862 
-0.8766 -1.1264 -1.3726 2.8021 0.3436 2.7481 0.7941 1.2592 1.519 -1.9227 0.2909 0.2055 -1.2062 0.7053 -2.636 -2.0735 -0.461 1.0446 -1.0436 -1.3543 -1.5996 1.9433 -0.2692 -1.5067 -1.1005 -1.7447 -0.6094 -1.1049 -0.9716 -2.4068 -0.1911 1.1518 -0.5332 -0.9284 0.9539 0.4457 -1.1803 -1.252 2.3401 0.9739 
-2.5394 -2.7337 -1.8205 2.8896 0.9716 2.1787 1.4513 1.1458 0.2233 -2.5923 2.7915 -0.7411 -0.0138 -2.8425 -1.6125 1.8857 2.0481 -1.5867 1.416 -1.9235 -0.9935 -1.775 -0.1365 -0.8914 -2.0682 1.4526 2.5543 -2.6133 0.8359 -0.4704 -1.0042 1.2965 -0.2041 -2.1895 -1.1787 -2.2324 2.9893 -2.7273 1.9134 -2.1522 
1.3156 -0.6598 -2.258 -1.6981 -0.5023 -0.8705 0.8228 2.181 0.5428 -0.7611 -2.7425 0.1845 -1.9009 -2.2438 -0.0717 2.6661 2.2089 -2.8822 -2.9472 0.0448 -0.3525 2.6838 1.9765 2.4434 -2.5056 -2.2022 0.8462 -2.5163 1.7057 -0.2403 1.9667 -2.3434 2.0999 2.7087 2.5937 2.2328 2.4734 -1.9483 1.4139 -2.3486 
0.2906 -0.6934 0.836 -0.9751 0.0629 1.3995 -1.309 -0.7282 1.5174 2.379 -0.0482 1.8001 2.0629 -1.0717 -1.1213 0.1925 -2.6387 2.725 -1.6886 -0.2977 -0.5153 -2.7219 -2.0059 2.2198 2.9869 -2.4122 -0.9122 2.4603 -1.3605 -2.4983 -2.8882 -0.4346 -2.5564 -1.417 1.5903 0.5065 0.6177 0.9166 0.4135 -0.8649 
-2.0692 1.0005 1.5704 2.9937 0.564 -2.5508 -2.1786 -1.4395 -2.8258 -0.8672 1.2628 -2.7059 -0.589 -0.1079 2.5139 -0.6021 0.4799 -1.3983 2.4934 -0.2453 2.7387 0.2404 2.3201 0.8175 -0.5414 -1.4544 -1.676 -2.9236 0.0974 -0.6273 -0.7885 1.0283 -2.6268 1.4172 -1.3428 0.9372 1.8664 -0.5213 0.1329 2.0406 
1.6115 -1.6042 -0.0301 -1.9775 -1.0769 -2.881 -1.9444 2.4031 -1.2793 1.1843 -0.8422 2.0946 -1.5753 2.1131 -0.0879 0.8834 -2.3413 -1.1287 0.9598 0.7562 -1.1208 0.8065 -1.2155 -0.7476 -0.7763 0.4417 0.8248 1.7253 0.5556 -2.0422 -1.5989 -0.8328 2.9888 1.371 -2.1751 -1.0881 1.49 -1.1194 1.9502 0.846 
-2.9351 1.7432 -2.4242 2.1248 0.8563 0.488 0.0082 -0.8497 -0.0055 1.6032 2.9065 1.8738 -2.955 2.3262 1.7614 2.9039 -2.5969 -2.7785 1.6293 0.9588 1.8145 -2.9696 -2.874 -0.5615 1.4015 -2.0491 -1.0144 -2.4733 -2.5333 1.5711 1.3727 1.1668 0.3143 1.9486 0.2917 -1.8293 -2.9282 0.9351 0.321 -2.2985 
-2.8264 -2.1373 0.2105 -2.7814 -2.8111 -1.028 -2.8775 1.2272 2.8287 1.7518 -0.814 -0.7216 -0.5825 2.9472 1.7169 -2.181 1.5334 1.3377 1.9809 2.0001 -0.0912 0.3537 0.167 0.8584 2.9375 1.0939 -0.3357 0.6445 2.6642 0.6205 1.346 2.8378 1.4832 -1.4434 -2.9436 -0.6927 -1.8362 0.8142 -2.4655 1.6277 
-0.434 -0.2794 -2.0939 1.9835 -0.3322 0.2582 0.4377 1.8364 2.2311 -0.5813 0.8366 -0.86 0.4076 1.6388 2.9984 0.3451 -2.6321 -0.3373 -2.0104 -2.9679 0.9184 -0.0292 2.87 -0.5984 -0.8374 2.9264 1.7089 0.3264 -1.6242 -0.1214 -1.0459 0.9419 0.2344 -2.5046 -2.4394 2.9023 -1.6112 -1.3664 -0.6261 -2.38 
-1.3125 -2.7895 -2.6048 -0.2697 -0.5155 1.0288 -2.9246 -0.1476 1.3267 1.7002 -0.1154 -0.7549 2.3062 -2.6102 1.6467 -1.5311 0.9514 -2.0092 1.7953 2.3273 0.8694 1.3847 0.2692 -1.8961 -0.4847 -1.535 1.6414 0.9042 -2.2662 -1.9847 -0.8406 -2.9435 1.8611 -0.4454 -0.2132 1.9808 -2.4166 -2.5026 -1.1667 1.9101 
-0.1672 -0.6469 -1.8448 -0.8609 -0.2571 0.4371 0.608 -2.3057 1.4279 -2.9615 -2.9784 2.9325 -0.9416 -2.074 1.6716 1.5738 -2.9737 -2.0518 -2.8868 -2.2399 2.5988 -0.7274 -2.1833 -0.9049 1.8272 0.6035 -1.9241 0.0458 1.101 -0.0908 -1.0441 -2.0662 -0.1025 0.1111 -2.2919 2.6404 -2.4518 1.3161 0.97 -0.3887 
-1.0101 -1.3732 -0.4562 1.0483 -0.4471 1.8507 -2.7427 -0.4208 2.7989 1.0057 -2.0255 2.3977 -2.7217 2.4264 2.128 -0.2593 0.03 -2.796 2.7865 1.7662 -2.2516 2.3776 0.3352 0.646 -2.8761 1.0434 -2.0784 -2.3279 2.9947 -0.4732 -2.0814 2.6198 1.1537 -1.9023 -1.6966 -2.2934 2.9484 -1.4393 -2.079 2.7473 
0.2017 -1.1045 -0.2197 0.48 -1.678 -1.0917 0.856 -1.0128 2.7475 -1.7223 1.3886 -2.504 -2.3446 -1.2762 -1.2228 -2.2207 0.4024 -0.3012 2.0867 -1.9676 2.2257 -2.9947 -2.3478 0.3794 -1.897 -1.0444 -1.2788 1.6866 -1.8484 -0.3578 -0.9308 1.3533 -0.8271 1.8495 2.4685 0.4949 1.393 -2.0403 0.1173 1.1406 
-0.7625 -1.4941 -0.7282 -2.4719 0.2298 1.049 -1.6926 1.2674 -2.2522 1.0293 2.2998 0.6087 1.0347 0.5873 1.6233 -0.2271 0.1781 -2.6555 -1.5404 1.3297 -0.0133 0.5288 -2.6818 2.1597 -2.9865 0.422 -2.7102 -0.9583 1.3817 0.4072 0.8175 -2.3808 1.9131 -2.9107 -1.8527 2.7781 -1.2265 -2.91 -1.3192 -2.8434 
0.7083 1.4758 0.7653 2.7892 
-0.7969 -0.6113 -2.8026 2.3813 -2.6316 -1.343 -1.6538 0.3552 -0.179 -1.3355 -2.8499 -0.1655 -0.2783 1.0751 -0.4886 -1.8966 -1.5177 -2.671 2.3579 1.0307 1.0535 1.1404 -1.556 2.8271 1.2304 0.1248 2.9837 2.985 -1.2593 0.749 0.4094 -1.421 0.7729 0.6068 1.5955 
-1.2234 2.2638 2.9418 -0.233 2.72 2.2415 -0.0829 -0.4455 -1.0368 -2.0078 -0.2988 -2.2982 -2.8902 0.0302 -2.9403 1.1405 -1.9163 1.2002 2.5845 -2.0892 -0.5694 -2.6554 -2.1055 -2.9492 2.7205 -0.7212 0.4603 -1.7005 0.6869 -1.9329 2.8951 2.4635 0.9662 0.4721 -0.7695 
-1.6786 -2.6512 -0.2172 -1.4888 -0.688 -1.5897 1.2124 0.0138 -1.4799 -1.7574 -2.2912 0.2958 -0.6737 1.909 -2.4845 -2.1276 1.9748 -2.1399 2.4021 2.0257 -2.4194 -1.3191 -2.8788 2.5154 0.0031 1.8235 0.0457 -0.5334 -0.2103 -2.4822 -0.6676 1.1112 -2.1334 2.1152 2.6224 
-2.1862 -2.4745 -1.53 -1.5372 2.6808 -0.2874 -0.8284 -0.0234 -0.3259 -1.9194 -1.8726 0.5465 -2.9445 -1.0125 -0.0513 -0.2836 -2.7966 -0.7352 -0.1624 0.354 2.2679 -1.3389 -2.6003 -1.2654 -0.9139 -2.0825 1.067 0.8325 2.4193 -2.1826 -1.9099 -2.7669 -1.657 -0.4399 2.3311 
1.3569 -0.9575 -2.4836 0.7325 2.4956 -1.1741 -0.0358 0.7696 -1.2476 -1.0534 -2.0805 1.8829 1.0035 -0.3639 1.5105 0.7121 -0.4486 1.8085 -0.8109 0.829 -0.4133 -1.0532 0.4797 -1.9324 0.6656 2.2469 -1.4527 2.0934 2.0243 -0.1363 -2.5334 0.3813 0.9652 1.6182 2.087 
-1.904 -1.9848 -0.9487 1.8656 -2.5972 0.9979 0.4203 2.2858 2.6366 -2.9435 0.7963 0.3488 -0.3921 2.951 2.5379 1.0721 -0.4622 -1.5153 2.187 0.6054 0.1685 1.4339 -0.212 -1.0271 -1.9065 2.3577 -2.9253 -0.89 -2.0419 1.693 -1.803 -0.9459 0.3434 0.2483 1.555 0.7462 1.8815 2.6105 0.032 1.5181 
2.667 1.4635 2.5021 2.9102 1.4146 -0.3248 -1.3825 1.5876 -1.2049 -2.1954 -0.807 1.9636 -0.1263 -0.3838 1.5718 0.9672 2.6091 1.6465 0.7124 -2.4328 -2.0253 1.9095 -2.7434 1.3181 2.793 -0.5532 -0.9356 -0.6903 -0.9427 -0.2684 1.4631 -1.2756 -1.8048 0.9652 2.2698 0.245 -2.3595 -2.1127 -1.1674 -2.9292 
2.3271 -1.3392 -0.3303 -0.7991 1.2771 -1.7585 0.8033 0.8862 0.5232 -1.4842 1.4535 1.498 -2.5747 -0.6547 -0.1839 0.8535 1.7921 -0.4843 -2.8367 1.4846 2.2474 1.6264 0.8442 1.0778 -2.7732 0.114 -1.6772 -2.1327 -1.3634 0.1554 1.5734 -2.0363 1.8162 -1.7569 0.1646 0.0933 -0.5154 1.6032 1.6148 0.643 
-2.881 -2.2965 -0.859 1.1795 0.0488 -0.4076 -0.967 2.4761 2.1081 2.8315 0.9607 -1.0093 1.4579 2.4402 -2.9315 -0.68 -2.8106 -1.6087 -2.1775 -1.174 -0.8181 2.3959 -0.2102 -2.0018 -2.361 0.5896 -1.2733 -2.2412 -0.8072 -2.6585 1.4019 2.947 -1.955 1.1781 1.1265 -1.271 1.4057 0.7948 -1.7949 -1.8509 
0.6263 -0.1989 0.1398 2.7195 -0.7587 -2.1564 -0.9605 -2.9341 -0.7651 -0.138 -1.108 1.4169 2.8932 -0.683 0.0503 -2.4678 0.5418 -0.5878 -1.7089 0.3699 -0.2462 0.3282 0.3169 -1.566 2.1415 -1.5565 0.1631 0.5473 -0.1265 -0.9966 1.6964 -2.5002 1.8045 2.4714 0.8545 1.681 -2.685 0.5292 1.747 -2.8148 
1.0265 1.2742 -0.7627 0.9197 -2.4088 2.2876 -0.9129 -1.2318 2.335 -1.9866 2.1381 -0.9112 1.3416 -0.5449 -1.8419 0.4832 -1.4662 1.3212 1.6657 1.4073 0.9598 -2.0027 -0.4577 -2.6004 -2.5313 1.0321 2.0806 -2.2162 2.1965 -1.5372 -2.031 0.223 0.3722 0.2063 1.7779 -1.4014 -2.8709 -2.1349 0.3669 2.4641 
-1.1215 -0.495 2.1882 0.8554 -0.4047 -2.6537 1.9738 -1.2357 -0.6973 0.6395 0.8068 -2.7375 1.6368 0.9844 -2.3379 -0.2593 -0.9835 0.378 0.5245 -1.787 -0.524 -0.8713 -0.9287 2.8483 -0.0298 -2.1508 -1.5531 -2.2655 -1.2857 1.8138 -2.8013 0.5929 1.9541 0.0221 2.0835 2.1846 0.3684 1.0573 -2.051 0.3063 
-1.3032 -0.609 0.5688 0.9688 -2.6246 -1.1338 -2.2905 -0.6081 -0.1206 -1.1307 -1.7598 2.3554 -1.3668 0.3115 2.2037 1.6035 1.1607 1.2859 2.338 0.5103 -2.2651 0.1719 1.7384 0.3242 -2.806 0.8219 -0.4911 -1.8024 -1.1208 -1.9069 1.5039 -1.7888 0.4841 2.708 -0.1848 0.8596 -1.4258 0.5247 0.8867 -0.9112 
0.0292 -0.2379 -1.5558 1.6625 0.7088 1.2832 -2.0988 2.5048 -0.4309 -2.7608 0.0151 0.304 -1.9536 -1.2465 -2.3717 -1.7596 0.2106 -2.2276 -0.5619 2.0898 2.5007 1.5772 0.9362 -0.0152 1.2852 -2.2486 1.4796 0.4946 -1.0887 -2.9984 2.5834 -0.4242 -2.6011 -1.9723 -1.7617 1.1078 -0.0539 -0.8605 0.6126 2.5152 
-2.9861 -2.3723 -2.5456 -1.9397 -2.9836 1.7179 2.936 0.227 0.1255 -2.9907 2.952 -0.3738 1.5865 -1.4766 0.2463 -0.1282 2.91 -1.2741 -2.6336 2.4565 2.3627 2.9499 -0.9677 2.7617 1.6128 0.2706 -1.4953 -1.4411 0.0453 2.1173 1.7093 0.0593 0.3802 -0.2011 -1.2452 -1.9682 2.1521 -1.3092 -1.106 -0.7224 
2.3353 2.4812 1.9039 0.9219 -1.9954 -0.8498 -2.2063 -2.0854 -1.4887 1.7953 -2.6289 1.5093 -0.6196 -2.9613 -1.0938 -2.0068 0.3093 0.4109 -2.8127 -2.6453 -0.4718 -0.4682 -1.9508 0.5436 2.3308 -2.5608 1.5754 1.4829 2.7653 1.1046 1.3957 2.1006 0.5858 -2.0652 0.0225 1.5904 0.085 -1.5486 0.1402 -0.7684 
-2.7532 -1.8535 1.3761 -0.3728 -1.8148 -2.7177 -1.7443 -0.8702 0.6932 2.0782 -2.8803 0.8566 2.2453 1.8041 2.0354 1.5761 2.2433 0.6108 -2.3058 -0.3562 -1.2846 2.0899 -1.2555 2.3012 -2.9752 -0.5978 -1.4732 -2.255 0.8537 -0.6978 -2.3882 -1.2643 0.4487 1.9879 -1.0019 -0.7308 -0.0946 0.2538 1.399 -2.4014 
2.9673 1.5187 -0.9096 2.2126 0.3228 -1.8742 -1.5761 -2.7987 -0.6282 2.7533 -0.1548 1.0872 -0.5216 1.5897 -1.9764 -2.8616 -2.0081 -2.8144 1.5187 -0.5192 -0.5122 -0.2343 1.2165 0.5718 -1.2463 -2.7853 2.841 -0.7057 -1.8963 1.24 -0.107 -1.929 -2.6061 -0.3814 0.9188 0.7167 0.7445 -0.0221 0.918 -2.8837 
-0.2688 -2.2368 -1.1612 -0.1551 -0.0119 -2.5024 -0.0167 0.9801 -2.3167 -1.498 1.0961 -2.1937 1.2678 -0.6873 1.3781 0.6567 -0.4726 -1.1457 2.951 0.6311 0.7295 -2.5208 -0.6626 1.1234 -2.2669 0.8914 -1.1599 1.4776 -2.1306 0.3934 -0.7709 0.6006 -1.2082 1.0679 1.0807 1.78 -0.7992 -1.9359 -2.6047 -2.4807 
-2.7987 1.4914 -1.6744 -0.8957 -2.1959 0.339 2.761 -2.0333 -0.1715 0.3473 1.5979 -2.4419 -1.5383 1.5705 1.6815 -0.8052 -0.5381 1.1569 1.3076 0.3313 -1.4497 -2.4632 1.5672 0.3421 -0.7601 -0.3521 -0.8779 1.4407 -1.6528 -2.8474 1.96 -1.4514 1.6441 0.9209 0.6529 2.4482 1.8951 -1.9508 -2.585 -1.2764 
-0.9683 -0.3519 -0.7183 -1.8714 -1.7814 1.5985 -2.0413 -1.6843 -0.2446 2.2663 -0.7177 -1.0591 0.4383 -2.1505 2.283 2.6783 -1.8674 2.0404 1.119 -2.8849 2.193 -2.2857 -1.3363 0.8371 1.6352 -0.0482 -2.0794 -1.8345 -1.3638 1.9708 -0.1109 0.6679 -1.3811 -0.1939 -0.5682 -2.5273 -1.5954 0.3905 -1.2116 1.16 
-2.708 1.0707 -2.8991 0.7304 -0.4446 0.0191 0.4087 -1.6767 -0.9405 2.1629 -1.5616 1.8878 0.5124 -2.2627 -2.6399 -0.8524 0.6891 -1.7193 0.3131 2.3254 0.8867 0.8375 -2.3715 2.5056 -2.3564 0.0603 0.6135 -0.9518 1.086 2.402 -2.7918 1.3781 -1.8921 0.9443 -0.8915 -1.7014 -2.0366 0.1524 -0.3781 -2.3418 
2.9505 1.0603 2.546 0.463 1.7976 0.5413 0.2458 -2.8781 -0.5427 -2.441 2.4473 -2.656 -0.9683 0.7111 0.4849 -0.3247 1.4066 -1.9016 1.7235 -0.5073 -2.4996 -0.4331 1.506 2.2436 1.1464 -2.3855 -2.4578 2.1098 -1.5979 0.1641 2.768 -1.6474 1.8596 -0.0508 1.8156 0.6572 -2.5094 -0.9385 -1.5857 -2.4169 
-2.7443 1.4969 -2.0729 -0.7126 -0.792 1.412 1.9627 -2.3854 2.5105 -1.6786 -2.2575 0.6461 -1.4765 2.2485 -2.4751 2.6699 0.4982 -1.9329 -0.5851 1.9003 -1.1336 -0.817 -2.747 -2.274 -0.2326 -0.2962 -0.9816 -2.1068 1.7653 -1.932 -1.5237 2.021 2.5649 -2.9613 1.9436 -1.2271 -0.9141 -1.4585 -2.9773 -1.4036 
-2.5019 1.4005 -0.1222 -0.9784 0.649 -1.9621 2.3267 1.7825 2.7403 -1.2583 0.6828 -1.3933 -1.4401 -1.429 2.968 1.3273 1.2749 2.6216 -0.1442 -2.3246 -2.3104 1.3321 0.3317 -2.7455 -0.994 -0.7247 2.6626 1.092 0.8169 2.6854 0.3236 1.315 1.0859 0.8366 0.9719 2.3701 1.8746 0.2986 1.1526 1.6149 
-0.3245 2.4707 -2.7784 1.2354 1.6769 0.8248 -2.802 -0.0482 0.4465 0.0538 -1.7375 -1.2287 2.0211 1.5942 2.6611 -1.9728 -2.1305 2.3237 -0.2456 -0.6784 2.0091 -2.922 1.2719 -2.2698 0.9147 2.879 0.7356 -0.2107 0.1776 2.5234 -1.5958 0.4884 1.9941 2.261 -1.2762 0.6711 0.0859 2.557 1.2581 1.1676 
-0.3892 0.1558 0.5741 2.2672 -1.25 0.2352 -2.7056 -2.7452 -0.441 0.0488 -2.7884 2.2033 -2.238 1.4835 2.9336 1.6767 1.3625 -1.6956 -1.534 2.1754 -2.1722 -2.4946 -0.3362 2.822 0.4017 -0.9772 -1.8717 -2.5124 -1.4201 0.0216 -0.7096 -1.1741 0.8127 0.4997 -1.9069 2.5627 -2.265 2.0227 0.4527 -2.0708 
-0.9285 0.6644 -2.8675 -2.5312 2.7831 0.7013 2.1455 1.1457 2.0057 1.2468 -2.0437 2.8336 -0.6126 0.6201 0.2908 2.7891 0.2781 -0.9457 0.9119 -0.5068 -0.2889 0.8375 1.3192 -2.4762 -1.6627 2.4123 0.7218 -0.9277 1.4351 -1.8255 0.0015 1.1418 -0.5259 -2.2308 1.6106 -0.7427 1.4706 -1.6086 -2.597 0.4763 
2.6382 1.9945 -2.0549 2.6608 -2.7502 1.2359 2.45 0.5279 0.9254 0.3619 0.6564 1.2718 1.8347 -1.0244 1.7956 -2.828 2.0231 -2.8474 2.8795 0.4582 1.9624 -0.119 2.2353 -1.5635 -1.7146 -1.5189 0.6938 2.756 -0.1275 -1.268 -2.1324 -2.8541 -2.2735 -1.1873 2.8068 1.6115 0.6839 -0.108 -0.8605 2.2445 
0.8891 2.7959 0.5163 -0.2762 2.4067 -0.688 -0.1042 1.4298 -0.5354 -0.2247 2.5233 2.0622 0.2915 -0.6062 -2.5012 1.577 0.8749 -1.1722 -1.0318 1.3827 -1.8049 -0.1642 1.5286 2.5568 1.6486 -1.0294 1.1684 2.9677 1.8626 0.9431 2.2122 -2.613 -1.6258 -0.2714 0.1108 -2.2191 -0.3242 0.6419 2.2107 -0.2244 
1.0524 -0.6308 -1.1621 1.9792 1.763 -0.6633 0.5562 -0.362 -1.2003 0.1596 -1.9793 -0.0052 2.9955 0.1845 -0.4483 -0.7207 2.1552 -2.2799 -0.753 -1.347 1.6632 2.0944 -0.96 0.6726 -1.177 -0.2139 1.4535 1.4988 -2.572 -1.7006 -1.7255 1.4804 0.6687 -2.2524 0.4596 -2.9331 0.0843 1.651 -2.6599 -0.4808 
-1.1893 -1.6392 2.5141 2.4414 -0.8194 2.701 -1.2793 1.971 -2.5789 -1.3971 1.2592 -0.2805 -2.3027 -2.7007 -2.6079 -2.8444 -2.2794 -0.5192 1.6544 1.7838 0.7802 0.5641 0.2642 2.0841 1.3117 1.3591 2.1511 2.0312 -2.3547 2.4912 -1.4495 -2.9088 1.4873 1.6998 0.1678 1.3031 1.4008 1.8885 0.2741 -0.5429 
1.1266 -1.4667 -0.1882 -0.5408 2.4678 -2.1609 -0.3852 0.8236 0.3199 1.9044 -0.3926 1.7353 -2.8962 0.5069 0.8195 -0.9493 -1.134 -2.3942 1.7172 -2.8535 0.7322 0.9029 0.873 2.8547 -0.3973 -1.9592 -1.207 -1.9965 0.5646 2.0671 -1.9042 -1.3088 1.2357 0.9076 -1.2144 -1.6613 1.7467 -0.9644 2.1624 2.7018 
-2.0599 -1.2302 1.4371 1.6791 2.2767 2.8918 -2.2702 1.7779 1.1328 2.447 -0.4403 2.5003 0.3499 -2.5673 -0.0098 0.5878 -1.5265 1.7833 -0.7735 2.0381 -1.5144 0.3223 1.3646 2.7213 1.8651 -2.8498 1.6953 -1.753 2.8211 -1.5071 1.584 -2.2388 0.2627 -2.3436 0.0755 -2.8253 -2.4518 0.8053 -0.4122 -0.6837 
-2.1124 2.1475 2.4518 -1.1273 2.5802 -0.558 0.0958 1.689 -1.7747 2.3223 -1.6377 -0.289 -2.7201 2.7269 -2.9325 2.145 0.5124 -0.602 1.0273 0.3335 0.8909 -0.3887 -1.2701 1.7889 0.2677 1.8054 1.9636 -1.5488 -2.7541 2.1866 0.7675 1.7687 1.3342 0.2193 1.2767 -1.4504 0.2965 -1.6275 -2.7614 1.5219 
1.33 2.2362 1.8681 1.6099 1.9631 -0.4292 -1.6098 -2.8893 1.9689 2.4175 -1.9206 -2.505 -0.9712 -2.5555 2.2839 2.2966 -0.1149 -1.1173 -2.2522 -2.2337 -1.9306 -0.8495 2.535 2.4036 0.005 -1.5531 1.5884 -2.6985 -0.1806 -0.5377 -0.5414 1.7847 -1.3015 1.9619 0.3946 1.2968 -1.4672 1.7848 1.4076 1.1369 
-1.1625 0.1222 1.6319 0.8664 -1.798 0.9159 -2.2018 1.0871 2.7986 2.1812 1.8534 -2.132 1.9669 -0.9763 0.9068 -1.0281 0.4706 -0.5047 2.9086 0.9253 1.9576 -2.9975 -0.29 -2.3439 1.9644 0.7398 -0.4119 1.1324 -2.8401 1.6309 -0.7307 -1.0026 -1.2468 -2.0987 2.8638 -0.0448 -0.5476 -2.338 1.6775 2.8862 
0.4784 -1.8338 1.3895 -0.5547 0.1899 -0.7037 -0.9476 1.2957 -0.5732 -1.0389 2.8562 2.0196 2.5988 -0.4338 0.3109 -0.8016 0.9413 2.8991 -2.6691 1.1012 1.53 -2.7646 -2.9014 0.9184 1.7719 0.5977 1.5088 -1.7757 -1.1051 0.1864 1.7458 2.3734 1.3526 0.1353 -1.1813 2.1777 0.0668 0.8712 0.4734 2.4937 
0.4675 0.3297 -0.8515 -2.2985 0.5311 2.4595 -0.1001 2.1076 -0.0062 0.2308 0.2088 -1.4762 0.4663 -2.0573 2.4423 -0.7618 1.5404 -1.4137 -1.9022 -2.5647 1.7727 2.8436 2.8087 -2.2395 -2.3859 2.2627 2.9382 0.6809 -2.2309 -1.9531 0.1746 1.2366 -0.9882 -0.0416 -0.4267 0.1781 -0.5821 2.4732 -0.7142 2.4117 
-2.6607 2.4946 1.5707 0.8056 1.0725 -1.3518 0.679 -0.3871 0.2346 -0.588 0.0483 2.6425 2.8908 -2.5078 -2.5969 -2.4951 0.3901 0.9765 1.1859 1.1592 2.0234 1.9957 -2.969 1.6704 -1.0459 -0.3957 -1.1514 1.372 -0.9224 1.1344 -1.5811 -0.5831 -1.7358 0.6249 0.8577 2.3368 2.2731 2.1719 2.5849 -2.8571 
1.6742 -3.2206 2.3885 2.621 
-2.2393 0.8238 0.2502 -1.214 -1.1997 -1.5639 2.9453 1.459 1.067 2.9763 0.1294 -2.9788 -2.7841 1.978 -0.9716 2.9287 -2.2524 -1.9174 2.9808 2.6471 1.7075 -1.5263 -0.3809 0.9806 -2.3544 -0.796 -1.2412 0.5 -0.5275 -1.4557 -2.7547 -2.1316 2.3681 0.4955 -0.3456 
-1.8316 -0.4332 -2.7651 0.2626 -2.3662 0.8465 -2.6079 1.2902 1.0624 0.0053 0.9539 0.9911 -1.6118 2.0365 0.9719 1.6705 -1.6208 2.4456 -1.7104 -0.005 0.7264 0.4936 1.7538 1.8617 0.6013 -2.7019 2.107 -0.8951 0.3014 -2.7623 -0.6054 -0.8949 -0.1955 -0.3705 2.3677 
-1.9265 -2.524 0.395 -0.001 1.5384 1.0356 -2.0471 -2.8353 2.4238 0.6246 1.1366 1.0943 2.0038 -1.7826 2.3839 -1.0012 -0.4209 -2.4873 1.3879 -1.5592 -1.2507 1.686 1.183 -1.5106 -1.0125 1.4207 0.884 1.0926 1.8604 1.1488 -1.9045 0.5691 1.6248 1.4906 -2.4319 
-2.2015 -0.4738 2.1562 -2.0368 -1.05 -2.584 -0.2649 0.6795 2.4198 -1.4123 -2.3014 2.0539 1.1668 1.8465 0.4418 0.2428 1.231 2.763 -1.5742 2.7205 2.3857 0.4817 -1.7603 0.4783 -0.6579 2.3885 -0.7909 0.5465 -1.3514 -2.3003 -1.2502 -0.5529 0.2259 -2.0939 -1.9545 
2.9074 -2.1999 -1.7212 2.9635 -2.9868 -0.4704 -2.5345 -2.4354 0.9706 1.0526 0.8666 2.2553 1.6714 -0.7029 -2.899 -2.3708 -1.9547 0.021 -2.7491 -0.8437 3.6418 1.6056 -1.3258 1.6586 2.9161 1.5768 -2.6511 2.9591 1.4008 2.9661 -0.6202 1.3082 1.3605 -0.4361 -1.1801 
1.3737 -1.3633 -2.9923 -0.4264 0.2425 1.0603 2.8952 -0.5022 -2.6331 2.8275 -2.766 -2.0039 -2.1271 -0.453 1.8822 2.5414 -0.7032 -2.499 -1.2274 1.5906 -2.5829 -2.6506 -0.4252 -2.6878 -0.6146 -0.5001 -2.2807 -2.3063 -2.1396 -2.6606 -2.7642 -0.1306 2.6113 -2.7565 2.443 -0.1462 -1.061 2.3382 -0.0132 -0.6941 
2.1657 0.2208 -2.0627 0.6738 0.403 2.8195 -2.1495 0.3351 0.9558 -0.3769 -1.0743 1.3729 -2.3922 1.5005 -0.6796 -0.0068 -1.9995 -2.3251 -1.6779 2.4961 -1.9857 2.1932 -0.6345 1.2608 2.4367 -1.1915 -1.8854 2.011 1.7819 -1.2634 1.9521 0.9477 1.9574 2.8894 2.2567 2.9956 0.3442 -2.8928 0.3307 -1.7 
-2.6344 -0.1083 0.3081 -2.0266 -1.6078 0.2637 -1.3982 -2.9721 0.9386 -2.4408 2.5241 -0.4119 2.7524 -1.1104 -2.1511 2.1891 -1.6666 2.5987 -1.1647 -2.8847 -1.6647 -2.2125 1.063 0.9279 1.3121 -2.045 0.9236 -1.3437 1.6974 1.8895 -2.4085 2.063 -1.2188 0.8997 0.6716 -2.1913 -1.8366 2.2735 1.4718 -0.2627 
2.8327 0.9959 2.3254 0.2203 0.5208 0.8096 -2.9554 1.8542 0.4083 -1.12 -0.3953 1.7437 -0.3325 -2.3322 -2.6932 1.6148 2.258 1.2304 -2.7288 0.9554 0.12 1.4979 -2.3463 -0.4636 -0.6024 1.3253 0.3451 -1.8037 -1.766 -1.183 -1.4312 1.7019 0.4481 -2.1058 -1.0778 1.6041 1.7038 -1.0331 -1.9065 2.7474 
0.8469 0.6983 -0.8737 1.1496 1.3661 -0.5669 -0.2356 -1.7407 1.2988 -2.3292 -0.1501 2.054 2.1688 0.5036 -1.4096 2.2016 2.4642 1.9356 1.0331 -2.3018 1.3878 2.6019 0.0354 -1.1641 1.1314 1.9576 -2.5599 -2.5296 1.5597 -1.4664 -2.7822 -2.9582 2.2319 -0.6559 1.1914 -1.7668 -0.5875 1.5911 -2.8723 -2.2887 
-0.1029 -0.0223 2.7653 2.7011 -2.5187 1.9909 1.9028 2.9455 0.9265 -2.4289 1.279 2.9495 0.8083 -1.6856 -1.2145 -1.0603 0.9072 2.8608 -0.5899 -2.8978 -1.6056 -2.7368 -2.856 1.2616 -2.7575 -1.0293 0.13 -0.345 1.197 0.2578 -1.9985 -1.9059 -2.7645 1.402 -2.2047 1.352 0.393 0.3333 -1.0672 1.9547 
-1.4604 -2.7882 1.9043 2.3479 2.1614 1.325 -1.7124 -2.2962 1.1858 -1.667 -2.194 0.2154 -1.4038 -2.0499 -1.523 -1.1613 -2.444 1.6071 -0.871 1.753 -1.1351 -2.2343 2.8471 2.7356 2.1678 1.2776 1.0876 -2.804 -1.3891 -2.9796 2.1507 -2.2142 0.8674 -1.3098 -2.8663 -2.336 -2.9848 -1.5786 -1.6321 -1.1638 
-0.2456 2.8091 2.0517 -1.0142 1.3944 1.1639 0.8245 1.9504 -2.5938 0.5887 0.7034 2.9063 1.3545 -1.8142 2.6419 0.5223 2.4634 -1.6352 -1.6465 1.7096 2.0204 1.1394 2.4954 -0.1121 2.8297 2.6291 -1.8129 0.4801 1.6857 -2.8098 -0.0484 2.0753 2.9994 -0.9967 1.6963 -0.971 0.8024 -0.4791 -2.0205 1.2087 
0.7448 -0.6819 1.115 -0.9007 0.5039 -1.6078 0.2568 -2.3974 -0.243 1.6103 2.3122 -1.2226 -0.2502 -0.5572 -0.6995 -2.7853 2.7071 0.4877 0.6948 -0.9719 0.6779 -2.3536 1.7386 -1.6875 -2.7151 0.435 0.3416 1.0874 0.5911 -1.0437 2.9313 -1.6641 1.2744 1.0463 0.4353 2.4136 0.0737 1.3273 -2.9838 2.8307 
-0.0623 -0.0364 2.2434 0.3227 0.0416 -1.4561 0.5374 -0.2513 -0.3332 1.8674 -0.588 -2.6552 0.1491 -1.8493 2.2925 -1.9308 1.5857 -0.3659 -0.2082 -0.8232 1.5904 -0.2769 -1.8521 -2.4999 1.4047 1.5832 2.9137 -1.5216 -2.4542 0.5651 -1.6908 -1.8813 -2.4713 1.1878 1.4414 0.5703 2.7317 2.614 0.9542 -0.6014 
1.4814 -2.6337 -2.6214 2.2657 2.1522 2.6711 -2.665 0.7379 2.9405 0.1268 0.5499 -0.8339 0.4852 1.6978 -0.3338 -1.1101 -2.0837 -2.7849 0.3683 -1.5379 0.7802 -0.6873 -0.4192 -1.0559 -2.4995 1.6574 0.1496 0.8675 1.2714 1.7391 0.9013 -2.612 -0.2594 -1.0849 2.6538 -1.1072 2.2214 0.624 2.6307 2.1619 
1.386 -2.1842 1.9633 -1.1288 2.5136 -1.3705 0.7611 -2.5701 2.4799 1.7647 2.5272 -2.1047 1.7126 2.7432 -2.5253 2.2132 1.4006 0.6243 -2.2841 -0.328 2.9986 1.6172 0.0601 -0.2608 -2.4677 -2.6509 1.632 2.7537 0.9731 -1.1021 -0.4491 -0.6409 -0.2863 -1.4858 -1.1344 2.8626 -2.2211 0.2619 0.9277 0.894 
-0.9734 0.455 1.7894 1.3745 0.1982 2.2641 0.5877 -1.4011 -2.4764 1.3036 -1.0939 -2.4777 -2.444 -0.3986 0.2615 1.7235 -0.0495 2.5288 1.4772 1.5588 2.0619 1.6633 1.5532 -1.2243 0.8127 -2.5812 2.2735 1.5917 -1.6841 0.2012 -2.8791 -2.0222 1.2914 1.9103 2.3523 2.1249 -1.1904 -0.06 -2.2762 -0.6667 
1.8788 -2.7349 -2.5092 2.4348 -0.1334 -1.6125 1.1583 2.8171 -2.0837 -2.7293 -0.9888 2.9783 -0.4307 -2.4356 2.3892 -2.618 -2.0168 -0.7021 -0.3911 2.9343 2.4991 -0.2701 -2.0879 -1.5742 2.2754 -2.7356 -2.4493 -1.9149 -2.1604 1.9097 -1.9464 2.7184 2.1748 -1.4556 -0.2116 -0.9586 -0.0681 1.5819 2.4938 -1.5165 
-0.5121 -1.495 2.097 2.0572 -0.9306 -0.8786 0.0744 -2.3122 1.4193 2.6834 -2.3779 -1.4464 -2.9515 2.1695 -0.0206 2.3239 2.4339 0.5301 -2.591 -2.7264 -2.925 -1.5374 0.6272 2.2499 -2.3578 -2.5843 1.9265 -1.7906 -0.3672 1.4203 -0.3071 2.1207 0.5605 -1.2101 -1.1869 0.2651 -1.4535 1.8876 0.9529 2.9658 
-0.7938 -0.7897 -1.4806 -0.7453 2.015 -0.8659 -1.4214 1.4489 0.2994 2.6229 1.7225 0.3745 -1.9145 -0.6502 -0.3756 2.363 -2.5993 -1.4491 -2.4276 0.0335 0.6065 0.2653 2.7895 -1.833 -0.3096 -1.3974 1.4322 1.2369 1.1254 -2.9797 -1.1621 -2.6684 2.8658 -2.0075 -2.7785 1.8808 0.1266 -1.1998 0.3298 -2.5739 
-1.5769 2.6875 -1.5642 -2.8562 2.6725 1.0602 0.142 -2.9268 0.2463 0.7144 -2.258 1.488 1.6149 -2.4685 2.6551 1.9405 2.7693 -1.2775 -2.1874 0.8948 -1.2572 -0.3495 1.2264 2.2439 0.6431 1.448 1.1247 1.4049 0.8834 2.0897 -0.5338 -0.0583 -0.5875 0.902 -2.2793 -0.915 2.5974 0.8628 2.7935 -2.521 
2.2124 1.1707 1.967 0.8274 1.7022 1.6221 -2.5969 1.4715 -2.6554 -1.7842 -2.9985 2.7227 -1.4985 -1.1368 -0.3982 -0.2202 0.9464 1.3617 -1.8152 -1.1702 0.4515 -1.7138 -0.5933 0.4992 2.1883 -2.2374 0.2194 -0.5791 1.6254 -2.3519 -0.1001 -1.5269 1.8188 -1.133 -0.0643 -1.8438 1.1243 0.3388 2.6278 -0.8958 
1.5546 0.2645 2.4621 0.6914 2.1277 -0.9361 -2.5288 0.0741 -2.5744 -1.344 -0.4609 -1.4877 -0.0577 -0.419 -0.3533 2.7658 0.3437 2.8662 -0.8133 -1.0309 -2.4857 -0.2781 -1.9226 -0.0316 -0.7759 1.0131 1.1246 -2.6516 -1.648 0.7524 -2.9122 0.5418 1.6522 2.5499 -1.7668 0.7799 2.249 -1.2955 1.4893 0.3099 
-2.0043 -1.9716 1.8222 0.938 0.6095 -1.531 -1.661 -2.0468 1.9704 -1.839 -2.4425 0.1199 0.8829 -1.365 -2.9117 -2.893 0.2833 1.213 1.0906 1.6353 2.6006 1.1785 2.8124 1.2528 -1.6364 -1.9544 -0.9672 1.2479 -2.6147 1.1573 -1.4422 -1.6189 2.1857 -2.62 -0.0457 -2.5696 2.4842 1.2934 2.0188 1.4546 
2.4544 0.2116 -1.4254 0.3373 -0.5182 -1.3371 -1.9205 2.7651 2.8759 2.1701 -0.9643 2.4766 -2.0162 -1.1519 -1.6354 2.9827 -2.4711 -1.9674 1.2306 -2.0857 2.1899 2.7884 -0.7046 -0.9891 0.8036 2.2497 -0.5587 -2.0769 0.5431 2.0954 2.3777 -2.3673 -0.693 1.5875 -1.3948 -0.576 0.8857 -0.3153 -0.8109 -1.6032 
2.4901 1.2248 1.5086 1.1091 0.7081 2.8733 -1.273 1.2371 -2.0941 0.5928 2.1514 -2.9041 0.3812 -1.5532 -0.8932 1.8201 1.3317 -0.8167 2.7432 -1.1251 1.9139 -0.2439 -2.8572 -1.7791 1.9789 -1.2519 0.6449 -0.1354 -0.932 0.4693 -1.1034 2.1933 2.3293 -2.5947 -2.0623 0.0375 0.9138 -0.3353 -1.7254 1.8197 
-2.7424 1.0612 -0.4492 -1.726 0.1432 -0.7072 0.7293 -1.5251 -0.8886 -1.8923 -2.015 -1.9747 0.8639 -1.8721 2.8815 -2.522 -2.4888 -1.8384 -2.0222 -0.4208 1.6309 -0.1256 2.4078 0.9603 -2.0851 -2.6545 1.633 1.8287 -2.3546 0.5428 -1.7163 1.5382 -1.396 -1.5303 2.8123 1.7472 -1.6022 -1.8232 0.8573 0.5092 
-0.7154 1.8424 -0.8303 0.7837 2.9703 -0.9488 1.2617 1.1167 -2.1519 2.2395 -2.3041 2.479 2.7491 0.7389 -1.9255 -2.3359 1.0844 2.7075 0.128 1.7299 -2.1145 -0.9531 0.2681 -0.5105 0.5167 -2.2844 1.8719 -0.4503 -1.1075 -2.6355 -2.9411 -1.1877 2.2069 2.8638 2.596 -0.1876 2.5503 -1.5071 -2.0709 -2.6016 
-2.2676 2.2602 0.5126 1.1167 -0.0008 1.5872 -0.584 1.7188 -1.0701 2.5441 -1.9161 -0.1845 -1.409 -1.0127 -0.0598 -0.2571 -0.2971 2.4474 2.2926 -0.7694 2.8119 -0.0133 -1.3219 2.0188 -0.1494 -1.7259 2.4664 -2.9639 -0.233 -2.6045 -2.5655 -1.8654 0.2909 0.9471 2.2514 0.9253 -2.8305 2.3026 -0.3558 -0.9005 
1.8467 0.7281 1.915 1.073 2.7154 2.4904 -2.1841 -2.9464 1.9378 0.7438 2.9194 1.7497 -2.2695 -1.4024 -1.5963 -1.7837 -2.4931 -2.1299 -1.7476 0.274 1.9008 2.3221 -0.9562 -0.8082 -2.0955 1.9304 -2.8829 -1.926 1.2331 -2.6035 0.1735 -2.285 1.1247 2.7237 1.788 -1.5247 2.2142 0.2392 -1.4711 -1.2128 
1.6182 -1.5516 -2.463 2.3487 -2.3188 2.5759 1.2003 -1.8119 -2.5539 0.0879 -0.9027 -0.0179 -0.5899 1.1412 -0.1909 0.3146 -2.2932 -2.4385 1.3886 -0.4249 -2.042 2.1974 0.2902 -0.2821 -0.4437 2.7134 1.1933 2.4057 -0.0474 2.7222 -1.807 -1.4292 1.8058 2.3652 1.5548 0.1222 1.9411 -2.6097 1.3104 0.0224 
0.4782 -2.5923 -2.9954 0.5235 -0.8159 -0.1863 -2.1619 -2.4738 0.3752 -0.138 0.1013 -1.0315 2.6946 -2.6085 1.6864 2.8861 0.7402 -0.1203 2.2919 -2.3072 -2.7628 1.1201 2.8989 2.043 0.4853 -0.9111 2.8005 -0.5736 -0.5208 1.1109 0.0841 2.9574 -0.8462 0.0887 -1.8838 -1.0268 2.9024 -1.0457 -2.8654 -2.0871 
-0.5485 0.2359 -0.1186 2.7813 -1.7373 -1.4322 2.6675 2.0029 -0.9172 1.9594 0.3309 -0.68 0.0795 0.2298 1.9982 1.2 -0.0461 1.7987 1.2616 2.4331 -2.4552 -1.6543 0.0258 -0.3013 1.4344 1.142 -0.6929 -1.0279 0.7315 -0.5583 -0.115 -2.8169 2.6776 0.4016 0.5996 1.5755 -0.3954 0.2671 -1.7864 1.6874 
2.8617 1.5446 -1.9926 -0.0588 2.4096 0.6409 1.7764 -0.6364 -0.5604 0.0381 -1.2033 -0.0155 1.3838 -0.5423 0.3184 -0.1817 -2.4003 2.6255 1.7904 1.3313 -0.9328 2.3106 -0.8504 2.38 -0.2878 0.3844 -1.4092 -0.048 -2.3484 -0.1956 -1.3605 -2.4867 -1.651 -2.7179 -1.9102 1.3939 0.923 2.8662 -2.2425 0.9979 
-0.0957 -2.8106 -2.0176 1.9234 -0.3528 -1.064 -1.2583 -2.1179 2.1967 1.1673 -0.1514 1.8991 -1.8869 -0.3666 -1.0857 -1.5395 -2.9821 0.5051 1.4125 -2.3305 -2.6904 -2.948 1.818 2.2938 -2.6658 2.9078 0.6877 -1.1076 0.4093 -0.9196 2.8903 -2.6864 -0.7301 1.5079 2.237 -0.4477 -2.5561 1.6139 0.4344 2.6406 
-2.5836 -2.7169 1.5397 -1.4705 -0.0835 -2.5459 -2.3748 -0.0656 -1.4056 2.0378 -1.7609 2.5392 -0.275 -2.9428 1.8331 -2.3056 0.6002 -2.844 -0.4131 -1.9905 -0.7635 -0.5228 1.9584 -0.8584 -2.0148 -1.1694 -0.6709 2.0643 -2.5554 0.3987 -0.6598 1.4962 -1.683 1.5151 0.661 -1.1312 -0.3956 1.2862 -0.5616 1.1989 
0.324 0.6776 0.7381 0.6843 -1.63 -2.7936 1.3787 1.9702 -2.6375 1.6008 0.615 -2.7658 -1.9219 -0.4266 -2.989 2.6985 -0.9608 2.9753 1.7628 -2.881 0.374 -1.897 1.6153 1.6911 0.2534 -0.7237 -2.4401 2.8578 -2.4375 -0.0017 1.0567 -1.4782 1.3111 2.4301 -0.1587 2.6811 2.6365 -1.78 -0.7134 0.6342 
2.8209 2.9016 -1.4964 1.5342 -2.8898 -1.4854 1.2327 -0.8506 2.1251 -2.3693 -0.7315 -0.5008 2.369 -2.1162 -1.8097 -0.3776 -2.2047 2.3854 -0.5198 1.993 -0.6163 1.1722 1.15 1.3301 0.6023 -2.0087 1.0112 0.2388 2.8466 0.933 1.5083 0.3027 0.8346 -2.9881 -1.1631 -1.42 2.1618 0.7048 0.7295 1.2869 
-1.0293 0.6332 -2.2139 -1.6603 -0.8478 2.6116 -1.4027 -0.0525 1.997 -1.2872 2.5757 2.016 2.885 0.7258 0.3461 -1.8775 1.7171 1.9925 -1.0035 1.5637 -0.0744 -2.4952 -1.1336 1.3954 -2.4832 -1.6615 2.9755 0.3138 2.0433 -1.6598 -1.3993 1.6493 -0.3914 -2.9779 2.989 1.7608 2.6337 2.2216 2.3435 -0.734 
-2.0316 1.8852 0.3662 3.3606 
-0.355 -0.7367 2.5771 1.9974 1.891 2.2088 -1.8037 2.4518 2.7137 -2.302 0.8473 0.8657 -0.9635 -1.542 -1.8205 1.7151 -2.5666 -2.5846 0.3644 0.042 -2.5625 -2.0114 -1.1972 -2.9287 -2.7898 -1.8537 2.9725 1.7798 -2.9345 1.8897 -2.1304 -2.6542 1.7882 -2.5533 2.3432 
0.6792 2.6556 -2.4605 0.1311 0.0045 -1.7625 1.6136 -2.1298 -2.0907 -2.9284 2.6849 2.6244 -2.495 -2.8997 -2.376 -1.8178 -2.4621 -1.3874 -0.015 1.2444 2.4581 -1.2335 1.2169 -1.1269 -1.168 -2.2582 -0.2572 2.813 2.53 -2.1753 2.1562 0.2092 1.1155 0.331 0.9755 
-1.88 -0.7963 -0.4109 2.6254 0.113 -2.7041 2.3103 -2.6274 1.4361 0.0459 1.6318 2.6183 -1.781 0.8797 -2.7615 2.4634 0.3378 -0.995 -1.6845 -0.1539 0.8371 -0.9427 2.5889 -1.7147 2.2225 1.0489 -2.5584 -2.9331 -0.8356 -1.5922 1.0425 0.2845 0.6115 1.2668 -2.4549 
1.3598 -0.802 0.4907 -0.6324 -2.3659 -2.4634 -2.0005 0.8877 2.3908 -0.4856 1.1262 1.8542 0.4874 -2.8687 0.8049 -2.6665 -1.3964 0.4974 0.5577 -0.1111 -0.2801 -1.3934 -2.0343 -0.2132 0.771 -2.9913 1.4645 1.6907 0.6203 -2.6334 2.2359 2.6153 -0.4354 -2.6382 2.6181 
