-7.0726 -12.633 4.8585 1.2311 -4.1347 1.6078 -1.21 7.1449 -4.0388 -9.2593 -8.3622 6.615 -6.3439 9.2045 8.1536 2.9507 3.7059 -3.2484 2.5043 0.52735 3.6486 6.8362 0.88517 -7.0277 -4.983 1.655 -11.647 -0.719 -6.4703 -8.7613 -4.7993 -0.37378 2.5339 -4.2127 -0.20805 
0.554 -3.0438 0.68775 0.6927 -1.3993 -2.5001 -2.3442 0.88095 -0.3256 0.78065 -2.4547 1.0266 0.1228 -0.8496 0.55377 1.2549 -3.0043 -0.1468 0.5894 -3.6607 -0.65748 -0.0982 -2.1975 -0.5096 -0.4126 1.2644 1.0339 -1.9509 -0.07885 0.3551 0.79507 0.7436 -1.9665 1.6625 -0.75212 2.4385 3.4965 5.0438 -3.3785 3.6713 
-1.1889 -1.7135 5.6442 -3.6163 3.2661 0.5322 -3.2416 1.5329 -1.5538 -3.4668 0.8159 -0.92713 0.96358 -2.9035 5.3217 -1.9311 -0.41905 1.5338 -3.0301 2.6487 -0.63687 -1.4549 0.40675 -1.7271 -0.21935 2.0382 2.561 0.2275 -0.2297 1.8756 -1.0732 -3.3906 0.583 -0.22368 1.4488 -0.9191 -0.82805 0.12475 0.6787 0.2578 
1.3375 -2.8821 -2.153 -1.7106 -2.132 -2.1979 -0.4957 0.3851 2.4145 1.7327 0.66565 -0.8016 0.49435 -1.6392 -0.251 -2.6432 -0.10002 -3.1742 -2.5554 -0.77218 -3.2146 -2.2557 0.9321 0.98198 2.1032 1.5148 2.9047 0.93884 -0.27504 1.1963 -0.4845 -3.3998 0.83323 2.2707 0.96045 3.15 -1.9551 4.2021 3.1578 1.1912 
0.12997 0.6798 -0.10077 -4.6184 -0.1506 1.6661 -0.5005 3.9031 -1.8446 -3.1903 -3.5256 1.7428 -1.1567 -1.2359 -0.17245 1.3105 0.67693 -0.45148 1.9424 -1.7275 3.3072 1.3612 -0.98067 1.3979 1.5411 -1.6262 0.62905 -0.82147 -1.7345 1.4395 -1.8335 -1.3623 4.0949 -1.2327 3.6635 -3.553 4.8485 -0.94635 -1.3625 0.8262 
-2.1467 -0.3937 -0.2865 -0.8783 0.083 -2.5372 0.5923 0.8993 1.8453 0.3736 -1.4405 -3.281 0.0736 0.4847 -2.18 -2.7531 0.895 -4.0951 -2.2189 4.5861 1.1264 1.6659 2.948 1.0051 0.1105 0.3043 -1.6455 -3.5163 -0.5072 3.1391 -2.5391 1.0535 0.0882 6.7711 -4.4286 -1.4771 0.2001 -2.661 -0.2988 -0.7139 
2.6932 -0.1777 -1.2937 -3.106 2.0523 -1.5349 -1.524 -2.2864 -2.5678 -0.6552 1.7803 -0.096 -2.1092 0.1448 0.5078 -1.3177 2.445 -2.5838 -0.6071 -1.1737 -4.0697 -0.3173 2.9964 -4.8749 -1.2458 -5.3785 0.0038 2.0663 0.1254 3.2597 -1.8167 0.0033 -0.8428 -2.9405 0.7184 3.0561 -2.0079 -0.1375 -4.7338 0.6028 
0.1556 0.588 -0.5698 0.6732 0.7836 2.5703 1.5405 -3.8765 -2.2678 4.4055 4.1384 0.7356 0.8343 -1.8544 -1.2437 -0.2646 -1.7712 3.6165 -0.4454 0.1095 -0.7404 1.7878 2.2994 -3.0658 3.9078 -1.2158 -1.5709 -3.5957 0.8101 -1.7546 1.7018 -0.8707 1.4095 -2.6456 3.0671 1.3783 -3.7272 -2.4323 -0.4521 0.5292 
2.1794 1.5269 -2.4631 -2.1202 2.5484 -2.1081 0.9775 1.4828 0.2837 -0.1907 -1.3935 2.5645 4.3881 1.2031 2.0627 -2.3609 1.4424 2.4628 4.3796 4.1877 -2.0846 -2.3543 2.2891 -2.832 -3.0799 -1.2288 3.7605 4.2072 -3.0242 6.9243 -1.135 0.0964 -2.4932 -0.4637 1.4281 1.3233 3.8663 0.5988 1.9882 1.4321 
3.5317 1.4553 -1.5032 -2.0532 -1.3031 -3.3825 3.2973 -0.8904 -3.5888 -0.3266 -0.5763 -0.2957 -1.0706 -0.3924 -0.8338 1.0551 -3.1771 -4.1916 4.0652 4.0794 -0.8347 1.8719 -4.5468 1.062 -0.9841 -1.5448 1.7008 1.4612 -2.4996 -1.0012 0.6335 1.5902 1.373 -0.462 -0.8034 -3.5968 1.3303 -0.4011 0.7285 -1.8857 
0.4363 0.3732 -3.4759 -0.8589 0.4448 3.0685 -0.6087 -1.1595 -4.0463 2.3848 -0.8448 2.215 0.5907 -4.8413 1.211 -4.0029 2.3443 -0.3234 -2.5556 -2.8804 1.1739 -1.6398 -0.3852 1.8089 -0.4898 -2.8405 -0.1716 -0.8193 2.3786 3.6922 -4.4288 -1.2176 0.3296 1.9502 -0.2278 1.7641 -0.2739 -1.4673 -0.4438 1.9266 
0.5757 -4.4985 0.7191 1.7824 -1.1307 -1.2793 -2.833 -1.8433 -1.5918 -0.3907 0.0568 1.8774 1.7826 -4.2003 -0.7044 1.2188 -2.5616 -1.9688 -1.4933 -2.736 0.9076 2.0801 -1.7936 -1.0186 -0.3275 1.1655 2.0176 0.4782 -3.6594 -1.1416 3.5549 -2.9008 -2.8735 0.7201 4.3756 2.9751 0.6563 -2.8373 0.3026 0.0203 
2.0967 -2.0194 -0.5583 2.2485 2.1103 -0.1485 -0.9695 2.1487 -0.3551 0.7422 -0.9581 -3.3934 -2.0646 -2.6126 -2.435 -2.1161 1.0321 3.3136 -4.3526 2.1584 -0.3846 3.9064 -0.2402 -0.997 -2.6985 -0.9296 -2.1739 2.0825 0.4201 -0.3361 3.508 3.2021 1.9946 0.8388 -0.2112 0.7609 0.6385 2.1524 -3.1001 0.7825 
-0.3584 2.4508 2.1683 1.438 -2.2566 -4.6717 -0.5329 1.2266 1.1192 2.3586 -0.3548 4.7786 -0.1 -2.569 3.7988 0.1877 -0.2426 -4.0671 3.4154 1.2078 3.2149 2.7975 -1.0309 -2.7815 2.5555 -0.6911 1.7746 -1.9319 -0.0752 1.2037 -0.6325 2.2931 -1.2617 -0.9878 -1.617 0.108 0.7428 -1.0144 0.9231 -0.5948 
0.8616 2.4037 -0.96 1.6748 -3.1056 -1.3892 -0.5087 -1.4869 -2.0683 1.2395 0.2495 1.5957 1.5152 -0.3268 -1.0587 -0.2385 2.703 3.2335 -0.6849 -2.03 -0.4976 -3.4777 3.7553 -2.0391 -1.0073 -3.3617 4.2929 -0.7762 2.6362 -0.456 -0.0433 1.9332 -0.8328 -1.2067 -2.3718 -0.3082 0.4237 1.4058 1.7489 -2.6826 
-0.5502 1.897 -2.6392 2.7743 1.2424 -0.5396 -1.1932 1.6776 3.0591 1.8393 0.4734 1.1852 4.8427 -1.4583 -1.4703 1.5573 -2.9003 -1.0443 2.6653 -0.0736 1.0198 1.3605 -3.0078 -2.3952 -3.3515 0.3945 -0.2136 -0.0538 3.1036 -1.9419 -0.4668 -0.8073 -0.2362 -0.6302 -1.0494 -1.0326 2.5118 -2.3182 -0.7172 1.8711 
-2.6643 0.0776 -1.3223 0.386 4.098 -3.1121 2.194 0.5344 2.49 -3.3007 -1.0538 -3.8036 -2.1533 -4.7313 -5.6017 -0.4174 3.4759 1.4018 -2.7699 0.5238 3.3046 -0.9376 -1.5957 -2.2786 0.8884 0.0028999 -1.3641 0.4373 -0.062 -0.7273 2.9097 -0.7515 -0.4602 -1.0829 -1.5943 0.6386 -2.7133 2.3972 0.1504 3.3679 
-2.662 1.5932 2.8532 0.83 -1.8763 -0.3736 -0.2123 -2.1185 1.968 3.0693 -2.7869 0.2721 1.4197 -2.4856 -2.8595 -2.7213 -4.1386 0.8664 1.226 1.2764 2.9843 0.8129 1.0837 3.4869 -3.1247 -4.8595 -2.7642 1.3639 1.0077 1.0801 -2.9756 -0.7848 2.3604 0.1416 -0.8881 -0.7794 2.8032 -2.2954 1.7202 3.3624 
1.7782 1.1613 1.5954 -0.0355 0.4298 2.5499 0.4193 0.0994 -2.7385 2.0525 -0.535 3.0599 -3.5116 -0.5541 0.421 -1.2522 -0.6915 0.1808 3.6607 3.2884 -0.99 -2.6049 -1.3033 -0.3376 1.2689 -1.9852 -3.7298 -0.9689 -0.8084 0.6485 1.6207 -3.5951 0.4858 1.3352 3.3896 0.0848 -2.6007 -1.6521 -3.0408 -1.5991 
1.5733 0.11 0.9776 1.0159 -0.1872 0.7734 0.9365 0.5075 -1.5758 1.3322 -1.3697 0.5862 -2.6252 2.5556 4.4884 2.1377 -3.0567 0.6499 1.3018 1.3806 0.2488 1.9534 1.8404 -1.3339 -1.4152 1.0041 1.975 0.0221 4.4836 1.625 0.9502 -0.854 -3.1942 -1.1891 2.7906 1.9179 1.484 -1.5809 4.2167 2.0688 
2.2768 1.4513 -1.073 -0.9051 3.3556 -2.1484 1.5958 4.3079 3.9446 -1.9512 -1.3852 1.8075 -0.1527 -3.4717 -2.7294 1.0645 1.3323 -2.1224 -1.7463 -0.9506 -1.9664 -1.8612 2.2181 1.2041 2.4589 -2.8303 0.456 -2.4571 -0.3112 -3.5691 -1.4403 4.9118 1.9712 -0.5202 1.9477 -0.4744 -0.1219 -1.8389 0.5782 -3.3521 
0.5857 -1.0928 1.4854 -3.9154 2.1235 0.0941 0.8345 -0.7063 1.6176 -2.3764 1.4692 -2.0303 3.1878 -2.2192 -1.293 0.8724 -4.3493 0.5162 6.0614 7.2495 -1.3796 3.7329 0.6831 -2.7919 1.0121 0.7709 2.8759 -0.269 -1.9051 -0.0297 -2.8308 3.0692 1.7526 0.3466 -1.843 -2.3818 -2.7863 -0.5938 -3.311 -1.0528 
-4.0578 -0.6681 -0.0588 4.9199 -6.3489 -1.804 1.829 -1.4757 -1.7044 -4.1851 -4.2943 -0.1601 -0.00059999 0.6566 -5.7915 -1.9502 1.411 0.5492 1.4043 -0.3138 -2.8728 -2.1066 -4.5771 3.0315 2.8571 1.1979 0.4374 1.4093 -0.6835 -1.1184 -1.8783 0.6541 1.7969 -2.1195 -0.4743 -2.7708 1.6675 -2.1544 -1.7693 -1.4439 
-1.0454 0.4115 -3.1735 0.4229 1.6404 -3.4214 3.4516 2.4143 -0.3209 0.9185 -1.7205 -3.2431 -2.0536 -1.293 -2.6762 -0.5735 -4.5334 2.256 -1.672 -0.9976 2.2001 -1.1702 -0.902 -0.6084 -0.5889 2.7303 0.1985 0.3941 2.8532 -0.2979 -3.1329 0.4857 2.4135 -0.6552 -2.7526 2.7612 0.7813 0.9616 2.1132 -1.8609 
2.932 4.0234 -0.978 -0.6911 0.2641 -1.0758 0.4035 0.6859 2.6376 -0.6148 2.7594 0.8962 -5.8967 -0.2765 -0.8244 1.6314 -1.2627 -3.3415 0.5918 1.294 0.3001 1.0167 -0.5336 -1.993 1.332 0.5253 2.4432 1.4039 -4.8223 -1.0414 -0.4023 2.0077 1.3134 0.4774 2.0572 -0.7211 2.2933 3.0975 0.6403 1.9648 
2.7908 3.971 2.9705 -2.5056 -2.1635 -1.5387 3.9687 1.4459 1.8283 3.4266 3.4724 -1.8924 -3.3371 1.4116 -2.4882 1.6853 3.1773 2.1462 2.4273 -3.6019 -2.1525 -2.8109 3.5739 -1.1063 4.7593 -1.3775 0.7218 2.0462 1.6075 0.1364 0.6674 0.0022 -2.4184 -2.5513 1.912 -3.2137 0.1522 1.5949 -1.4718 -3.9054 
3.6558 -0.7862 -1.2316 -3.0063 3.5194 -2.2728 -0.908 3.8454 0.6282 0.7911 0.251 3.0576 -0.8572 0.8602 0.0779 5.8374 -1.2746 1.3639 2.0966 1.6083 1.6076 -0.9692 -0.0709 1.6565 -2.8292 -1.1358 -1.7239 -1.9817 0.9359 1.8952 -0.9005 0.8798 -2.8087 -1.9979 0.4941 -3.5635 -1.455 -2.7061 0.5743 -0.0224 
3.8375 -1.8812 0.7191 -1.6519 -2.4354 -0.2008 1.6974 0.3346 3.4521 -1.0933 -1.7721 1.4019 -2.2631 1.1513 3.9397 -0.742 0.3547 -2.3561 2.5304 -4.4254 4.1452 -4.4779 -0.5634 0.076 0.0946 -2.579 7.5234 -1.2114 -0.131 2.653 1.0239 1.0798 -0.0221 -4.0257 2.7609 1.2405 0.887 1.2563 -1.8674 -3.8157 
-3.2277 2.5996 -1.6351 -0.4795 2.2489 3.3638 -0.6004 1.4808 5.5312 0.7678 -0.5129 1.0105 0.1939 1.3538 -2.0513 0.3867 -0.4914 -2.6149 -0.5755 2.9113 -7.1462 -1.7384 -0.8093 2.7271 0.6587 -0.9929 -2.1169 0.2468 -0.2791 -1.0646 -2.6748 -1.2005 -1.7691 0.7422 0.4614 3.5335 0.1405 -3.9878 -1.4534 0.2688 
5.152 4.3587 1.6635 -1.8849 -1.8573 -1.1747 1.035 0.1483 1.0154 1.1826 -3.8562 -1.0526 -2.4538 0.5316 1.3971 0.4832 -4.0519 -3.1638 2.5102 -3.9022 -1.5826 -1.8245 -1.5257 0.0075001 3.2993 -0.8507 0.6207 -1.9431 -2.3418 -4.2346 -3.3934 -1.228 3.2441 0.5511 -2.81 -2.552 1.0437 3.1228 -1.7513 0.6747 
3.3985 -5.0394 -2.4581 2.318 -1.7873 -1.181 -3.3148 1.921 -1.7857 1.8246 -3.2103 0.1439 -1.9934 -0.8378 -2.0781 1.1381 0.4966 -4.8846 -1.8813 0.9739 0.4436 1.0744 0.0675 0.384 -1.4517 3.0472 -0.7375 -4.5847 -4.9082 -2.2741 0.7528 -0.9043 2.6059 1.7637 0.0268 -0.5654 0.0548 1.8452 3.6639 -0.5717 
-1.4431 1.7288 3.7754 1.1087 -0.6288 -0.7407 -0.8402 3.5858 2.088 -2.0313 2.4277 -1.0694 2.4066 -1.388 -3.6096 0.7922 -4.7566 1.172 0.2972 -3.393 -2.4577 2.3295 4.705 -0.1412 4.7493 0.9702 0.3757 1.3224 -1.7375 0.7515 -1.7235 -4.0129 -2.0228 2.7067 -1.6382 0.904 2.0193 0.7029 -1.1565 0.4813 
1.162 1.28 0.6848 3.2656 -0.097 -3.5507 -4.5222 -2.7134 -1.5285 1.5083 1.6406 1.301 -2.0792 1.5948 -3.0572 1.3812 -0.9069 1.8187 -5.0172 -1.0074 -0.8738 -1.1535 0.5579 0.4316 -2.4248 2.2927 0.8368 -2.4235 4.8286 1.8743 -0.2241 -0.3041 3.5836 -0.4969 -2.3785 1.8892 4.5072 -2.7412 2.1907 1.7066 
-0.7615 0.9645 -4.4225 0.5388 -0.0081999 3.678 -5.1235 -2.891 -2.2782 0.2345 -1.6781 0.7841 0.9509 0.9249 2.2527 -4.588 1.339 0.5892 -0.6723 -4.3689 2.28 -0.6558 0.1557 -1.5323 0.7155 1.8956 1.2829 -1.9222 1.4087 -1.2964 0.4296 2.0391 4.8671 2.1478 -1.8633 -1.7336 1.1018 -1.9317 -1.2467 0.9008 
3.068 -2.5526 1.919 -2.2078 -0.9434 -0.2017 1.0074 5.2953 -2.1022 0.8165 0.0173 2.1778 0.5932 1.6061 -1.6617 2.5694 -0.3861 1.1034 3.9565 0.2634 -0.3768 2.5206 0.1035 -1.8918 0.6013 -1.9865 0.493 -1.2468 2.3115 -4.0742 0.4629 -2.4142 -4.752 1.2858 -2.4431 0.8637 3.4301 3.0278 -1.1554 0.0174 
0.2866 -1.229 3.2663 0.9146 1.0661 2.038 -0.7834 -0.9459 1.8158 3.7678 0.568 1.2686 2.0514 1.8484 1.0166 -0.025 -2.8449 2.3902 -1.9954 2.0558 -1.0922 3.9298 0.6017 1.1509 -3.8378 1.0062 0.415 3.3934 0.3733 2.4738 0.706 -2.7074 -1.1619 -2.5018 -0.9298 -1.1007 -1.5204 -1.3283 3.7955 0.9651 
7.3753 9.6776 -7.3224 -14.231 
1.2845 -1.8592 -0.84141 -1.3597 -1.8632 0.69391 3.088 -3.1089 1.5545 2.4529 4.9772 3.2665 -2.4896 5.398 -3.0517 1.7483 3.009 -0.0212 -0.95586 1.2922 4.4217 -1.22 10.044 5.999 -4.5555 1.7672 -2.3053 7.7894 3.6473 1.997 5.0152 4.9748 -2.713 -1.4779 6.432 
9.8354 -6.722 0.47233 8.6823 -9.3387 -9.3545 0.59695 2.9559 3.6682 1.2032 -6.5122 5.7089 1.4802 -10.317 5.0212 -1.4478 1.1212 1.8389 1.8315 6.1796 5.2359 -0.42961 1.473 5.495 -2.1615 -6.147 -1.5569 -3.6031 -13.91 0.6802 -3.8082 -0.0506 2.7866 6.23 11.115 
-0.87425 -5.0197 -4.9072 0.6879 -3.2422 -1.3948 0.28825 -6.0966 -0.43925 0.06225 0.8457 3.7648 -7.3477 -0.795 -1.3464 -1.6156 -3.5122 4.5908 -0.3707 -1.0157 0.21844 -3.1376 10.001 6.8548 2.8136 4.2876 1.7023 -0.083612 0.7702 0.68831 3.5095 6.7678 9.0018 -4.4289 -11.118 
-3.3282 -4.3029 -2.3774 1.0608 -1.8825 7.3808 -0.0936 1.12 5.1957 1.1202 -1.0833 6.2887 -0.80338 2.9206 5.265 -0.97979 -2.9731 10.177 -0.62878 2.6345 -1.1873 -10.476 -4.6997 3.471 -0.81734 3.0751 2.5236 4.6848 -1.7018 -3.688 0.3288 -0.8337 0.7619 -6.6946 -0.4694 
-8.73 -0.056199 2.2486 -4.0318 3.0858 3.918 -5.2838 9.1232 -10.324 -5.8129 -2.8901 -4.7982 1.0165 1.4364 1.9693 11.656 -0.8975 3.3975 5.6408 0.1382 -8.7113 14.811 0.924 -10.693 -11.282 9.1048 2.9403 3.7104 1.5918 -5.104 2.439 3.8509 -5.4337 7.1693 3.121 
4.4225 -1.4542 0.68796 -0.9325 -3.4104 0.3472 -3.3586 -1.9072 -3.8984 4.0647 -3.3116 0.7663 1.4299 0.4436 -5.9668 0.684 2.0349 1.6286 -2.7088 -2.2633 -1.5591 -0.49991 3.8822 2.4072 2.796 3.563 0.8031 -1.4509 0.037212 -1.2531 0.46548 -0.72979 3.0238 -1.6551 -2.5795 -1.0577 1.0892 -0.073988 0.81701 -1.725 
0.51339 -1.6576 2.5167 1.2293 0.89027 2.4982 0.98455 1.3541 -0.72448 1.9356 2.7182 -3.0587 -4.2088 -1.8983 1.4317 -2.8783 1.0669 -2.3925 -1.6246 -1.2521 2.7409 -0.48865 1.5622 -1.9794 1.3569 -0.401 0.83445 2.3115 -0.98538 3.4394 0.9272 -0.95445 0.82472 -4.0849 0.2767 1.9284 -0.3634 1.6666 1.8521 0.62575 
-4.3577 1.742 -2.5897 1.0985 -0.50985 2.4053 3.0362 2.4478 1.3341 -1.9334 0.3228 3.1596 -0.00081265 0.1781 2.454 1.8425 -0.86508 1.15 3.1331 0.2357 4.2427 -0.40975 4.5812 -1.5893 1.3214 2.3915 -4.6534 -1.2506 -1.17 0.23405 3.1423 -4.0219 -1.7546 -2.497 -4.0254 -1.4893 0.3248 4.4905 1.6662 1.8034 
0.5845 2.3528 1.797 3.3561 -1.0425 -3.3877 -1.9477 1.9336 2.2594 -0.34412 1.5541 1.3347 -0.97085 3.0471 1.3396 2.2469 -4.8031 1.998 -1.0295 -1.4732 -0.1552 -3.4935 -0.01905 1.1602 0.63222 0.25962 -3.0853 -3.5094 3.082 -2.6705 -4.5247 2.0082 3.7119 2.2216 1.8365 0.035375 -1.1741 2.4013 2.2303 -2.2894 
1.6702 -3.2239 0.7279 -2.2397 -1.1332 -0.3876 -3.5923 0.2068 3.2387 0.2093 1.2857 -1.768 0.8662 -1.5009 2.3899 1.1566 -2.136 2.0328 -4.335 5.0775 -2.9625 -1.2256 -3.0358 2.0104 -1.9465 -0.9725 -3.3317 2.0812 4.0124 -2.1415 0.6995 3.0148 3.2538 -2.0227 -1.6326 2.4834 1.0118 1.7931 -4.3891 -2.5969 
1.757 0.0319 0.0668 -1.9577 -1.4159 -0.0927 1.9187 -0.0028 2.4493 1.7193 1.3456 -2.0753 -0.7404 1.6488 -0.8576 -2.4126 0.4547 2.6903 -0.2756 -0.8228 2.8513 0.2656 -2.6402 2.7279 -1.4317 -2.0143 -1.2107 0.7859 -1.7394 -3.358 -4.1377 0.0537 -0.3176 -1.3425 4.0974 -1.9693 1.3935 3.9995 -2.577 4.2397 
-0.4889 2.0669 -3.0145 -3.4417 1.7754 4.8547 0.1798 -0.4445 2.5879 -0.9932 1.9201 1.5154 0.3889 3.9033 1.4553 -1.0358 -0.8925 -0.0988 1.5124 1.2162 1.6818 -0.0194 1.4959 1.8266 -0.1874 -3.9439 2.0684 1.0925 -1.8849 6.0456 -0.3888 -0.8077 0.7092 -0.6172 2.084 1.7719 0.6801 1.4584 -0.6754 -1.8293 
-2.6366 -0.5344 0.3055 0.5813 -0.085 2.986 2.2652 3.4713 2.055 2.6081 0.3281 0.5493 -0.5111 2.2161 0.4536 2.7278 1.8939 -2.7859 -0.3024 -0.1428 2.8674 -0.861 0.0263 2.8105 -0.9866 -3.2535 3.083 -2.8168 -1.4145 -0.7264 -1.9684 -1.6468 -0.9374 1.2111 -0.6357 1.9418 0.0257 1.2886 -1.0498 0.655 
3.5093 -3.7639 -1.0861 4.2242 1.7843 -1.383 -0.7338 -1.4809 3.8621 -1.8379 -3.323 -2.8721 0.5752 -4.4754 1.5878 -3.3004 -2.4099 1.6941 -1.8559 -4.4274 1.8417 -0.8583 -0.6142 -3.6575 -0.4998 1.2954 -0.5126 -1.8883 -3.0438 -1.5033 -1.267 -1.8683 0.8891 2.4949 0.4831 -3.45 -1.977 -0.9893 2.8848 -1.3486 
-3.2605 1.416 1.7644 -0.8693 2.0026 -0.3776 -3.0374 -1.3021 -2.5935 0.2379 -1.5184 0.9104 0.1766 -3.0334 2.4591 3.0718 3.5172 1.6658 -2.0704 -2.9792 1.8706 4.9044 -0.0514 1.1469 -1.4956 -0.0713 4.0625 0.2358 0.4915 -1.4921 2.1653 -2.4268 -0.0206 -0.3658 -1.4247 -1.9176 1.1162 -0.6112 3.3974 -1.4285 
-2.5303 0.5048 -0.0532 0.8529 -3.463 -3.8768 2.6852 -1.9096 3.8191 1.4386 -2.0474 1.5336 -2.6803 3.289 0.6336 -3.0461 2.8896 2.7274 -2.4033 2.2892 -1.9917 0.7596 2.255 2.9898 0.3312 2.0463 -0.8589 0.3062 1.2225 -3.1956 0.51 1.9059 -1.0595 -1.567 2.4348 -2.5086 -1.5518 0.3762 1.7928 -1.8946 
2.7789 2.5642 7.6307 1.8816 -1.23 -1.9852 -2.5177 -0.7863 -0.671 0.0135 -1.9351 -1.2837 1.1739 -0.7517 -1.828 0.4585 -1.3953 2.505 -0.7525 -2.5008 -0.5733 0.0442 -0.9679 -3.5262 0.8972 1.3571 3.5734 1.7887 -0.5907 -3.7965 2.6303 2.791 -5.1947 -3.128 -2.0823 -3.3676 -2.7484 2.1755 -1.7639 -2.3961 
-0.798 2.8313 -2.9757 -3.1756 -0.4325 1.2368 2.395 -3.352 -1.4415 -0.2193 -1.8385 -0.6812 -3.339 -1.2952 2.5724 -2.803 0.2186 -0.8459 -1.3963 3.7012 -1.5326 1.0908 -3.4227 -0.7471 -1.7148 -3.4455 2.4268 0.0986 2.2333 2.7509 2.2523 -3.0048 -2.6197 2.5038 -1.636 -3.6008 -1.4288 2.891 3.9373 -3.4581 
-1.697 -3.561 3.1049 1.5022 2.4709 2.6217 0.1481 2.9685 -2.1272 -2.0822 -2.4281 0.3595 0.8731 -2.0787 -1.5416 -3.4539 -0.3211 -4.4164 2.5386 1.884 -0.5865 0.3145 3.8787 -0.7381 -2.3454 -1.5673 -1.2409 4.6094 -3.8549 -0.6227 1.9277 3.2361 -1.6017 1.335 0.3862 -0.6846 0.7097 0.4906 -3.0249 2.5327 
0.1776 -0.441 -3.3238 -2.6565 3.6534 -2.2274 -2.8403 4.1033 0.1201 0.0514 0.9173 0.9122 1.4073 -1.8446 -2.4158 0.3281 0.7541 -1.5903 1.7476 -0.3803 0.4309 2.0442 -4.9124 3.9928 1.4776 2.1837 -1.4717 -1.7694 1.7538 2.2297 2.4057 -1.0672 -2.384 0.2903 0.2123 0.2994 -1.0652 5.3012 0.7546 -2.282 
-2.7442 -0.8294 -1.4569 1.4505 -1.2471 2.7377 -0.6288 -1.2926 -4.598 -1.9666 -0.1443 -2.771 0.7866 -2.9646 -2.8357 1.3453 0.5074 -1.5021 0.2913 0.9559 0.9603 0.1217 2.1915 -1.0083 2.472 -0.6261 -1.6223 0.5563 1.3453 1.4122 -2.9289 0.2216 1.2278 2.4938 -1.4743 2.5087 1.2762 4.6057 2.661 1.559 
-0.378 2.5198 -1.3552 3.1957 -3.3648 -1.8192 1.3794 1.3124 -0.9584 -2.6253 -1.3968 -2.0698 2.8133 3.5399 -0.2457 1.5988 -1.807 -2.957 2.2185 1.7816 -1.8407 -1.579 -1.1064 -0.7176 4.9836 0.7352 2.1105 1.9568 -1.4469 2.4993 -0.6825 3.7479 4.4327 1.6621 0.3027 -0.1738 -2.1895 1.9937 2.3717 -3.7494 
-2.4495 -2.1178 0.4269 1.8957 -0.0838 -1.7521 -2.1243 -1.6665 -2.0591 4.5873 -3.3429 -3.9226 -2.5725 2.3332 -1.6912 -0.1556 -0.6549 4.4425 1.1398 -2.604 -4.0065 -1.6707 -1.6932 -1.5572 0.8333 0.0755 -4.4888 -2.8371 1.6604 -1.9978 0.2863 0.0887 5.8685 -3.3951 -4.4474 -2.1412 -1.2501 -2.5626 -0.1995 -2.257 
-0.2181 -3.0562 -3.0465 2.0504 0.633 -1.0405 -1.6452 0.1451 0.866 -1.2664 -1.7826 0.6668 -0.2949 2.3932 -0.3652 -1.9925 -5.1131 0.75 -0.2054 3.1513 1.2664 2.5859 -0.1146 -1.2526 -0.6022 -1.9493 -3.17 -2.1318 2.8553 -1.672 -2.9947 0.795 2.2549 -3.6813 1.6106 1.0739 -1.8501 -1.2805 -0.8813 -2.9046 
-3.4059 1.5035 1.9993 -1.1884 0.265 0.9144 -2.9136 4.0375 1.9672 1.253 -1.8122 -4.2111 -1.8371 -0.3021 2.827 1.6533 2.6929 1.7286 -0.9652 -1.3456 -3.4504 2.2821 3.7888 -2.7569 -3.7504 -1.5053 3.8119 -3.0044 -1.3212 0.5354 -1.5834 -3.9191 -0.8733 1.3611 1.1528 2.3852 -1.3516 -0.5327 -2.7364 1.7039 
-1.9667 -1.6576 -2.2244 -0.3372 1.113 -0.9261 -0.1316 0.8805 3.757 -3.1002 -0.9875 -1.6027 3.2631 1.6812 2.7121 -2.8158 -2.0925 1.5937 1.5551 2.6612 2.4501 -2.584 1.2819 -0.4128 1.6977 2.635 1.0646 -0.8617 1.2786 1.2864 -1.1548 1.5844 1.7681 -2.6295 -0.7917 0.8222 -0.4178 3.4478 -5.0029 3.862 
0.6309 -1.8695 0.4438 0.6486 -2.9645 -0.9436 2.444 -1.158 7.017 -0.6461 0.7844 -2.8656 -2.7032 1.1211 -4.7378 -3.6455 0.9555 -1.0395 0.9577 0.1557 -1.1241 -0.5841 2.2292 0.7217 -0.7256 3.4831 1.6343 -1.4717 -1.618 2.815 2.7557 1.4517 0.1654 1.8568 -3.1893 -1.7568 -0.4681 1.5672 -0.2415 -0.3034 
-1.8384 -0.4152 1.2759 1.8655 0.4027 -1.1682 -0.3719 0.3826 0.3382 5.2207 0.8575 -2.5867 -2.9007 1.9793 -1.8874 -2.9441 -2.8584 0.1229 0.0504 -1.7174 1.8241 -0.9738 1.5985 1.3145 0.6653 -2.9197 1.6893 -0.4092 0.9114 0.583 -0.6708 -2.0948 3.4752 0.1541 -3.1562 1.1052 -2.8176 2.478 -0.7739 3.5914 
1.069 -2.2522 -1.5761 2.9197 -2.0342 1.0241 2.5099 3.4454 0.7833 -2.7569 -4.9562 -0.7544 -4.9037 4.6501 -1.4839 -2.6541 -3.384 -4.4522 -0.5023 -2.7906 -0.2565 -2.7906 0.2848 0.3881 2.521 -1.1738 -0.3195 0.5421 -1.0178 2.6187 0.2564 2.2965 -0.1874 2.4384 0.6889 -0.9665 1.1361 1.7649 -1.3602 2.3088 
-0.1676 -3.3276 1.719 1.4738 -2.6188 0.6545 -0.1936 0.802 -2.6731 -2.4045 2.2983 -3.2238 1.2188 -0.4938 3.2436 1.6208 1.2095 0.42 -0.5558 -1.1943 -2.2181 -0.8213 -0.5351 -2.6168 3.001 -2.1498 -1.4633 2.8281 1.2263 2.6027 2.5321 2.2489 -1.1759 0.4518 0.7306 -0.1495 -2.9118 0.9797 -0.4989 -1.9564 
2.3223 -1.9213 -4.493 -0.8652 -0.6827 -4.2343 -1.3838 0.024 -1.9582 1.8007 -1.5351 2.7948 -0.2383 -0.5227 -4.1818 -3.4077 1.6278 1.3451 -0.0414 0.5781 1.7973 -3.0955 -0.2253 0.6859 3.3238 2.9499 0.5436 1.5015 0.3148 -1.6164 1.3604 -0.37 1.8668 2.9102 -0.8272 -1.3385 1.1959 -0.8907 1.899 -0.3126 
1.9624 0.3907 0.6465 2.8491 0.528 -1.7723 -0.9214 0.1634 1.0922 -3.1054 0.65 -0.4332 -0.3503 -0.7166 -2.7013 2.8247 3.0105 2.8445 1.9925 1.5473 -2.7856 -2.5141 3.0765 -1.3058 3.2513 -0.5907 4.0429 4.5535 1.2808 0.8351 -0.2371 2.4854 1.8728 -0.1023 1.4356 -0.8911 -1.4257 -3.353 1.72 -1.1277 
0.6984 -0.7866 1.1719 0.6242 1.5349 -2.8613 0.754 3.4555 -3.2493 1.7532 -2.1766 1.933 -1.1666 0.1659 2.7942 -1.8182 2.2983 -1.7319 -0.8047 -1.6917 2.0044 -1.9435 -4.2102 -0.8717 -1.6928 -0.1924 1.2784 1.5868 1.435 -0.7619 -0.6173 2.1792 3.0559 -2.7176 -1.5347 -3.361 -1.7699 -1.9216 -0.8812 1.796 
-1.7784 -4.3387 3.0517 1.328 3.8067 1.2601 3.5133 2.9677 0.117 0.5204 -0.458 -4.726 3.6902 -3.5748 1.5215 -0.3522 3.3956 1.083 -3.0242 -0.7839 -2.9436 0.6383 2.0676 4.0883 2.2921 -3.2808 2.0763 -3.837 2.8181 0.4109 2.743 -3.8298 -1.9553 -2.8866 -1.5565 -3.3483 -3.3168 1.2863 -1.2142 -1.8767 
-6.1074 0.1735 2.9838 -2.0873 5.4562 -1.0673 -2.5734 -2.5661 -2.0902 2.5218 -5.5909 2.1378 1.135 3.5109 -3.9295 4.129 -0.4946 -3.456 2.1483 0.2005 0.4559 3.9464 -1.7391 -0.1264 -1.9511 0.425 -1.1789 -2.9526 -1.8248 -2.0625 -0.2086 1.4005 -0.5807 -0.9117 0.7517 -1.3125 -4.9189 -2.7031 -0.0562 -4.1525 
-1.4625 -3.2771 0.4586 -1.4751 -2.7157 -0.8105 0.1046 0.2829 -0.5939 -0.8709 1.5255 -1.6379 -2.3013 2.695 -2.2989 -1.8827 -0.8913 -1.2255 -2.2282 1.7812 -0.9803 -1.2647 2.2943 3.0087 -0.3469 -2.6579 1.0574 4.1314 1.3772 -1.7918 3.633 1.8337 -4.2457 -1.1272 -1.3974 -3.7345 0.583 -3.5444 -4.2526 4.363 
-4.4036 -2.1299 -0.0029 1.7611 0.9497 1.1754 1.2893 2.9861 1.8615 2.8093 2.8063 2.0858 -0.328 1.251 0.3443 -1.8795 3.3662 -2.4875 4.5432 2.2254 6.4009 -0.5806 -1.4757 -1.8595 1.5833 1.7539 -1.649 -0.0299 2.2216 0.1518 1.67 0.0684 -2.2439 -1.746 -4.578 5.2085 -0.5004 -1.7455 0.1659 3.1987 
-0.2139 -0.7729 -2.9275 -0.3499 -0.8316 2.5198 2.1948 1.9328 -1.4649 2.0091 0.8106 1.1051 1.6691 -2.4192 3.3845 -0.1638 -4.2771 3.1026 -3.8885 -2.2561 -0.2214 2.6607 -1.8132 -0.1124 -0.9952 0.6258 3.3081 2.1385 -1.2618 -4.2901 -2.0238 -5.0994 2.5682 1.9662 0.4147 2.5616 -1.7251 0.6723 -0.7397 -0.4677 
2.4721 3.369 0.362 3.3049 0.3389 -0.093 -1.0773 1.4229 -0.7873 3.1979 -0.7583 -1.2923 -2.6053 -3.9466 1.568 -1.6368 -1.3522 3.3294 0.4325 3.2069 1.5283 0.0106 1.5854 -0.1726 -2.063 -0.6551 -5.3464 -4.1048 -2.4259 -1.1765 -2.0797 -2.5314 4.6664 1.2438 0.3268 2.3129 2.9604 2.6898 0.3459 1.1807 
-0.2747 3.7986 2.6117 0.5166 2.1025 -1.8718 -1.593 -2.5271 -2.0084 -1.208 0.4373 0.4243 0.3381 1.5372 -1.8052 2.8248 -1.4376 1.7544 2.8574 3.9323 -1.5665 -1.2741 0.2047 -4.5256 -2.8022 0.1011 -1.6141 -0.0447 -0.7366 -1.1647 4.1452 1.1501 -0.4969 2.1105 2.4504 0.5279 -0.916 2.8246 0.3699 0.8267 
17.601 -11.732 12.927 8.8702 
-2.3307 0.95045 5.9308 2.1859 3.5261 1.0559 -5.3906 2.2913 4.7953 -1.3537 5.0128 0.0366 1.9937 2.5464 -2.207 -11.056 -2.6486 2.1497 3.8331 0.97055 -5.1238 -0.061125 -0.76255 -0.097 -3.8781 -0.69913 -1.1619 -4.0879 0.27855 0.2057 4.0453 1.1516 1.1613 9.3869 2.9344 
-8.4403 7.0482 -1.5124 -3.3556 -4.8912 1.2774 -3.9847 -3.0887 -3.5441 -7.939 8.3812 -1.5041 -0.84736 4.5717 -2.8544 1.8531 3.4503 -7.4225 -2.6728 0.3803 3.9589 2.6745 1.2866 -7.4857 -4.0279 -0.52007 -1.281 4.536 0.5962 -3.8709 2.0632 -2.5808 4.2267 -2.8094 -3.7998 
-0.94935 -4.6587 3.6954 10.622 0.31012 -4.8405 -4.5515 4.9983 0.084125 -5.4552 5.6279 -8.7846 -1.562 -0.77173 3.1365 -8.3054 -0.1207 11.438 -1.3066 -2.1642 -6.9622 2.1762 7.5721 6.6168 4.8974 7.6042 -4.4593 -1.9533 -1.8876 2.9539 2.4899 -5.1764 -1.5055 4.6214 8.5663 
4.3492 -7.6817 0.40741 2.3494 -0.14605 15.387 -13.489 11.332 -4.8382 7.1601 -7.1635 8.9767 -3.9252 3.8498 -3.9994 4.9986 -1.6351 -4.5769 11.021 -1.9231 2.8645 5.5914 1.2163 8.0248 -4.3162 -2.5142 0.63155 1.4451 2.6845 -4.7849 -1.1052 -0.86944 -4.8936 -1.668 -4.5293 
-0.45685 -5.0004 2.2003 -1.1257 -2.6376 7.6959 0.096 2.1068 0.37335 7.2821 -12.408 2.4163 9.2329 -1.6236 7.93 -5.4286 -9.4699 6.8905 -11.437 -2.1239 -0.6382 0.2006 5.5857 4.4089 8.6301 -2.1125 -1.5103 2.1743 -10.422 -0.9249 -4.4887 -2.5458 2.076 -3.9396 -4.0469 
0.3673 -2.7715 -0.9149 0.8631 1.7738 -2.5272 3.8854 -2.047 -2.2431 2.7005 -3.881 -1.8029 -2.9861 -1.6535 0.2147 2.2903 -2.0714 -2.7715 -5.2614 -4.3145 2.465 5.5044 0.60885 1.9422 2.906 2.4517 0.7794 -1.2302 -1.4807 1.54 -0.9887 2.2546 -0.7608 0.4326 -3.2045 1.5058 2.2364 -0.038575 0.11165 0.6792 
1.3309 2.189 1.0596 -1.8636 -2.0339 -2.7605 6.1144 -1.446 -2.7153 -0.18788 -0.18465 0.1809 -3.2233 -0.2495 -4.7551 0.7855 -2.7865 -0.5892 -3.0647 1.6326 0.799 -3.0693 -1.4616 -2.9323 -4.7446 -1.2272 -1.1629 -0.5668 -5.4159 -1.2127 1.1075 -2.5853 1.108 -3.3306 -0.7242 -1.1229 0.52705 2.4522 3.9929 -1.0959 
-0.053825 2.6042 0.51889 -1.0609 -2.1415 -3.9511 -0.98185 -0.70945 2.1242 0.75067 -1.6021 -0.40105 -1.073 0.42715 -0.3203 -0.44825 -2.4774 2.242 4.8632 -0.4052 -0.338 5.0226 0.49995 -2.0548 1.8336 -2.523 2.8564 -2.1444 0.1432 4.8445 -0.00029994 0.1088 -3.9333 3.1507 2.6002 -0.8228 -1.7668 0.092175 1.7427 -0.16235 
-2.2255 -0.083925 0.44992 1.8996 1.5508 -3.9583 -3.8424 2.982 0.4257 -1.6948 0.1863 -1.1332 1.2525 -4.1555 -0.97455 0.55525 0.7995 3.4271 -2.3757 1.9046 2.1633 2.367 0.2739 1.8385 -1.0293 -3.5452 -2.3132 -0.5067 -1.3516 2.1913 2.4816 -1.688 0.1541 -1.4455 1.689 2.0483 -1.2209 2.6562 -0.60355 1.7207 
3.0001 -3.2043 2.1102 0.0118 -0.2805 1.3031 5.4585 -3.8174 0.8769 -2.3196 -1.8976 -1.6671 -0.7474 1.9119 4.0122 1.9624 -0.1348 0.2887 0.2933 -2.3347 6.8526 -3.8447 -1.7619 2.8979 0.5421 -0.0123 0.4795 -0.4177 1.9354 2.7692 -2.157 1.7965 1.6251 -0.5708 1.0536 -0.0214 -3.3535 -0.0129 -3.1486 3.5076 
-3.9573 -4.0771 1.1187 -0.1483 1.1578 0.6079 2.19 -0.1456 4.7893 2.0958 -1.9541 4.679 -1.4257 4.3386 -1.0499 0.2366 -2.8324 1.258 -0.6179 2.3806 0.9558 1.3507 1.6484 -1.4063 -2.3135 -2.0838 1.0669 1.4009 -0.3032 -2.1981 -0.9434 1.5561 -1.9886 -0.3475 1.0631 1.5322 0.2531 -2.0094 -2.3257 2.7928 
1.8963 -3.5907 -3.1599 -0.4377 1.1379 3.1579 1.0192 3.6459 -2.6977 2.1867 0.4383 0.2472 0.6586 1.9414 0.257 -5.3194 -1.2359 -1.7325 -1.3747 -3.0971 -0.6084 -4.1001 3.014 0.445 -0.5014 -1.5309 -2.7207 -4.7317 -2.5536 -2.5692 0.7852 0.2324 2.2229 -3.3126 3.4862 0.8962 -3.489 -1.7546 -1.6631 -0.4051 
1.6044 2.9793 -1.1709 3.5084 0.5147 -2.4084 -1.2757 -3.5262 -0.8694 -4.0235 2.9673 1.2686 -2.466 2.6406 -2.9275 -3.5558 2.8258 -0.715 -0.8687 -0.0287 -0.0211 0.0516 -2.1781 -1.8129 1.1684 -3.5189 0.7264 0.4194 0.0876 -0.7445 -2.0956 0.484 0.751 0.2709 -0.9898 3.8668 3.0889 -2.8857 2.2342 -0.6155 
-1.0002 -3.7003 -1.6438 2.6398 -0.0457 1.7717 -0.946 2.6504 1.1947 3.5656 1.4677 -4.1804 3.5842 0.3307 0.881 -1.2792 0.3688 -1.3464 -1.2988 -2.2006 -1.0477 0.9698 -1.3334 2.3353 0.5547 -0.2579 2.5643 2.5658 -1.9306 -2.7803 -2.8496 -0.4828 0.2027 1.5989 -2.641 -0.8233 2.2893 -0.2645 -2.9097 -1.9616 
-2.2402 2.8626 -0.8451 -0.6957 1.2233 2.2095 -3.3257 2.2304 0.8169 1.9124 -1.5431 3.106 1.104 2.5516 -0.9899 -1.1618 -1.232 -3.0787 -1.7701 3.0471 -0.3979 2.6457 -1.2675 2.936 3.0223 -2.7843 -3.3276 -0.9855 -0.7815 -1.3352 -0.9561 -0.2882 -1.5458 -2.1075 -1.116 -0.3758 -1.3689 2.9782 -1.3695 2.2968 
0.5126 -1.646 2.2781 1.925 -0.9352 1.2744 3.8792 -1.6072 2.2687 -2.0056 1.5031 -1.0032 0.3636 -1.5709 0.8788 -1.7643 -0.5618 2.0586 -4.2356 3.4732 0.7328 -1.5382 -2.479 0.1926 3.0162 1.9144 1.0236 1.4492 0.4244 -0.5267 -2.0738 2.2886 0.6102 -4.3371 0.0509 1.667 -2.4795 1.3522 1.9119 1.3296 
0.8648 -4.7363 2.2344 -2.1994 -0.6509 -2.6908 2.9539 0.6698 -0.6586 0.2902 -0.0344 -1.9447 -0.9159 -2.368 2.1208 -2.9888 0.0583 -4.3609 4.9789 -0.4156 -0.9406 0.5937 1.5636 -3.2188 3.6028 -2.0482 -0.4295 0.2125 2.8164 2.2521 -1.9987 2.4127 -2.4681 -1.5911 3.2093 2.4283 -2.922 0.9982 -0.8821 -0.2101 
0.9609 1.2921 2.7489 -1.1316 -1.193 0.2591 -0.4813 -0.4829 2.2438 -2.495 -0.4069 2.0759 0.9403 -0.9588 -1.7334 -2.0988 -2.8371 -0.0468 3.4178 -0.1584 2.3299 0.0804 -0.3421 2.0238 -1.162 -2.5745 0.0858 -4.3331 4.6056 0.7733 -2.0441 -1.1396 -0.2807 1.1787 0.5524 -0.2831 -1.3721 3.7277 -1.3757 -2.7256 
1.0344 0.2136 0.5846 3.2518 1.9446 -2.6565 1.8203 4.2011 2.2509 -0.2302 -3.7139 -1.6921 -0.9902 -1.771 4.3217 -4.92 -2.6853 -6.2301 -2.1954 -1.7677 -2.2455 0.7425 -0.273 2.4786 -1.8221 -1.6327 1.3028 2.3527 -0.6895 2.9314 -0.352 -1.4933 -3.4496 1.413 3.625 -0.666 -1.1774 -0.0813 -2.5215 -1.8006 
0.7891 4.4434 -0.3785 -3.3394 0.722 -2.9842 -0.8908 0.8385 -0.2498 5.2513 -0.3761 -0.7038 -1.4212 2.4245 -1.4556 5.4799 3.7239 1.4541 -3.207 -2.3094 -2.531 -3.0044 -0.2648 1.1919 -0.5928 -1.3923 -1.6988 0.8656 -4.3066 -0.7825 2.0091 3.2767 1.2155 -0.9651 0.3531 0.6211 -0.1567 -1.9173 2.6423 1.7039 
-2.4947 0.5672 1.2606 -0.3305 0.4259 -3.5096 0.1963 2.2559 1.4594 1.9739 3.4855 0.5195 -4.055 -2.1044 1.6672 -0.7904 -4.1053 -2.2446 -1.3155 -0.7078 -1.5168 -0.6142 -3.0185 -3.1369 -2.1888 -2.3934 1.2596 1.1811 -3.2001 1.3419 1.5316 -1.1523 -1.6817 1.1497 -2.3454 2.6105 -3.5494 -0.786 0.87 -1.173 
-2.0519 1.8875 -2.8452 -1.5252 0.8875 0.5562 1.292 -2.7338 -0.0659 3.9029 -1.7887 1.2913 -2.4153 -5.3162 -0.0956 -4.0398 1.3015 -2.0737 -3.8694 2.1008 -1.6782 0.7555 1.8724 2.8099 0.9631 -0.742 -2.0034 -2.1628 -0.5379 0.1151 -1.1547 0.0506 0.699 -2.0858 -0.9913 0.7568 -1.101 -2.569 -2.1105 -1.0469 
1.4301 -2.7971 -0.5254 -0.8849 -1.3853 -4.4967 -2.0945 0.8484 0.4176 3.236 2.8413 3.3798 0.9343 0.884 -1.0384 -5.1724 1.4814 1.549 2.5553 0.5101 2.0076 -1.9808 0.6704 -1.5028 -4.123 -4.3407 -3.3689 -1.2329 -1.4137 -2.4444 0.6524 1.2627 0.1545 -3.5049 1.4117 -2.4251 0.9428 -0.2647 -2.7287 0.8203 
0.5972 1.6899 0.9705 4.6997 0.4273 4.1675 4.6436 -0.8328 3.1292 -0.5327 3.1333 -0.2484 0.5769 -1.961 2.9355 -0.7071 4.6247 0.4779 1.0149 -2.3079 -3.3991 0.4149 0.3654 0.2784 -0.1919 -1.9013 -1.6898 -2.3841 -0.8307 1.2595 2.5068 -0.5826 -1.1486 1.3301 -0.6999 -2.2029 -3.4858 1.882 -1.1218 -1.2126 
2.9046 -0.3495 -2.9517 -3.8265 -5.2922 2.7625 -5.4223 -0.0515 -3.2403 -1.6682 1.0406 -2.8236 1.0664 2.202 -1.7133 3.3313 -0.3271 -2.4251 -1.7288 0.1345 -1.8616 2.1551 -2.7051 4.2731 -0.5436 1.9882 -0.2086 2.7006 -0.4126 -0.0476 -0.6056 -5.2926 -2.7137 -3.4587 2.8494 0.4655 1.5278 0.6933 -0.1181 -1.1921 
-1.5887 1.9558 0.9249 -1.9721 -3.3054 -1.6878 0.0121 -2.2175 -0.4125 3.5909 -0.8934 -1.2474 0.539 1.8814 1.6221 0.2206 -1.0851 -0.0123 0.9046 1.3095 2.7638 3.2803 -0.232 2.6194 4.4341 -1.8541 2.1749 0.5219 0.0208 -2.802 3.9767 -1.0319 0.0739 -0.6571 -0.4331 1.1287 0.0618 2.4382 1.8895 -0.1992 
1.742 -3.5584 2.6892 2.6423 1.9222 -1.4835 0.1769 -1.2939 -0.0136 -0.7992 0.4248 3.2042 2.4233 1.6949 -1.7386 1.1472 0.2668 -0.308 -1.3656 -2.5326 5.4998 1.5259 -2.5232 -1.2427 -1.0163 -0.2491 -0.4343 1.7747 1.2803 -3.3963 -1.3358 -2.5814 -0.2118 -4.7963 -0.0288 1.9195 3.1064 1.7274 1.1578 1.9239 
-2.8534 2.9079 -2.6134 -0.6954 -3.3425 -1.5252 0.525 -0.9605 1.4938 -1.3864 -0.284 -1.9643 -0.3349 -3.9265 -0.0895 -3.5091 -3.5855 1.3788 0.4784 4.0861 5.9303 -2.458 -0.4167 1.5187 -2.9089 -0.4041 0.0488 -2.7734 2.1036 -2.1422 2.3647 1.5297 3.1941 0.8103 3.1969 3.0129 0.1518 4.0767 4.2827 -1.2061 
3.0769 -0.986 6.2093 3.2134 0.4599 2.9921 -4.4053 -0.2702 -2.2235 0.5303 0.4626 0.6655 2.6417 0.1572 0.1699 0.6379 -3.1757 0.2889 -2.8995 0.2458 -1.8892 -3.0818 1.7177 -0.8825 -2.859 2.8406 -2.8961 -0.2161 -1.4059 -1.4179 -5.6334 -0.2155 -2.5075 -3.3545 -2.2027 1.7884 1.4953 -0.7521 -2.2529 -0.0936 
-0.5216 -0.4388 1.0476 -1.1033 -2.0338 1.9222 -0.615 1.1508 -2.2211 2.8231 -3.8871 -0.2895 -0.268 -0.6287 -1.5228 0.6119 1.9335 4.15 1.4566 2.3064 -0.1847 1.6342 -2.9796 1.9559 -0.4756 -0.815 -0.2486 2.9466 1.317 -2.3354 3.0926 2.042 -3.9204 3.6524 -3.5928 -1.2536 3.247 -0.8128 2.7722 -2.4455 
1.7058 1.5499 4.904 -1.238 3.4464 2.7054 -2.0891 -2.1844 0.3318 -0.8422 2.2814 0.5317 1.3412 -0.9782 2.0746 -0.6771 -1.1745 1.7526 -1.6821 4.3817 0.937 2.3208 0.4 -3.0128 0.8208 1.6734 -0.6988 -2.7425 -0.1978 -0.3163 1.7872 2.0308 1.2509 -1.6304 -3.5252 -0.8848 0.895 1.2921 1.4839 0.7654 
-4.461 -0.1499 2.0476 -0.5597 2.0297 1.3416 -0.5186 1.5934 2.7853 -3.8543 -2.6843 -2.0931 -0.2193 -3.14 -4.6516 -0.4244 -4.4362 -0.9685 1.3466 -1.7269 -2.738 0.5034 0.2992 1.4849 3.6453 1.7704 2.6003 1.0017 3.1158 -0.708 -1.8895 0.9066 1.3004 1.6054 -2.0599 -4.7774 0.4565 -1.9993 -3.3116 0.2561 
3.7378 2.6377 -2.8684 1.708 -0.4947 -1.3745 -3.2644 -1.3565 -1.345 -0.4645 6.8934 1.7559 3.4456 4.8771 1.6286 1.6323 2.2015 1.2111 -0.9598 0.4769 0.1769 2.1642 2.2627 4.3203 2.6205 -1.318 -1.659 2.1544 -1.8238 1.1119 1.8991 2.2734 1.2698 1.4217 -0.4728 -4.3358 -0.0986 -0.7627 -1.6324 -3.7181 
5.3855 4.4249 -2.4676 2.8223 -2.0113 -2.4832 1.1705 2.1169 -0.3842 0.8804 1.5279 1.337 -2.1395 0.7608 -0.8479 2.2167 -1.6826 0.326 -2.6276 1.0444 3.1647 -2.0295 1.6196 0.4457 1.4114 0.3694 -3.0026 -2.8878 -0.6756 1.6749 -5.3352 -1.588 2.5312 -3.4431 -0.0708 -1.7914 -3.269 0.7822 -0.142 3.7101 
0.9867 3.1244 -0.0918 2.8234 1.7866 -1.2001 -1.2248 2.408 -1.6674 0.1505 2.9645 -0.9342 0.5289 -3.4502 0.2574 -0.4019 0.0744 -0.5276 0.6197 -0.725 -0.0236 0.3956 -1.2585 -2.8341 -2.8424 -0.6386 -1.0972 -1.3 -1.3474 -1.6306 -0.7265 -3.6047 -2.27 -3.2379 -0.2712 3.4339 1.939 3.7882 -2.6305 2.1919 
0.2683 -3.9626 -1.4306 3.5544 1.7032 -2.616 -2.9193 -4.3839 1.9867 2.4283 -2.3354 3.9321 -0.3509 -0.4476 -0.0237 -6.0505 -3.3671 -0.3479 3.0775 -2.1515 -4.4174 -2.641 -0.084 1.1338 -5.0128 2.5188 -0.1332 3.2325 1.9433 0.5855 2.4175 -2.4927 -2.7365 -0.6583 0.0508 2.0909 3.0463 -5.5605 0.9048 2.0855 
-3.4368 3.7163 -2.2604 1.0539 -0.5324 2.6597 4.2382 -2.238 -3.0149 1.7694 2.9689 0.5146 0.9174 3.1858 3.3711 -2.4526 -1.6313 4.4666 0.0632 -1.1709 -3.3479 -2.3764 1.7409 -1.4122 0.0338 2.0148 2.9526 -0.3354 3.5853 1.8961 -3.7115 -0.7773 -1.0514 -0.1609 -1.9264 1.6922 -1.9822 0.336 1.2347 -2.4971 
0.3428 2.8151 -0.5676 -3.1197 1.627 -0.1185 0.7383 1.7153 -1.0922 2.9673 3.3914 -2.6331 -1.9491 1.2279 0.5767 -3.1832 -3.2807 1.0112 2.4028 -1.016 3.8975 -0.1006 -4.2185 1.9873 -2.6174 4.3313 -1.2752 1.2676 -3.1565 -0.7377 -1.5493 -1.1502 -0.0359 1.6021 -0.5107 0.7431 1.4285 -2.081 -1.6114 1.2942 
2.4679 1.4552 -1.2236 1.895 0.9822 -2.0054 2.0937 2.2264 0.0595 -0.8718 -2.3829 2.1312 3.818 -3.1572 -2.0547 -1.1086 -2.3217 1.8614 -0.9678 -0.729 2.2057 2.1172 2.051 1.3671 0.7283 -2.7267 1.6302 -0.0202 1.3026 -0.915 -0.1747 0.0887 -1.5954 -1.9931 -1.6651 -0.61 1.0128 -0.1162 -0.6135 0.9319 
-2.8613 2.2442 -1.0799 -2.0723 2.9952 4.3126 0.1863 0.3325 0.862 -2.9482 3.1787 1.777 1.242 1.9078 -0.8109 -5.0425 2.1731 3.5085 -2.5315 5.6804 -0.4218 4.7561 -1.2421 2.5594 -2.8162 -5.0215 2.8045 -1.6172 0.7133 -2.9888 -2.9693 -2.2877 0.3006 -5.6009 5.465 3.7108 0.4667 0.9756 2.8235 -1.351 
-0.94335 -15.455 -18.785 11.068 
7.2169 -3.3913 3.8088 1.4541 -0.82773 0.45459 -6.8684 8.2054 4.9166 1.3178 8.166 6.9114 0.7842 3.4324 0.9944 -1.772 1.017 3.5223 8.1787 -5.9621 1.1675 1.4256 -3.9554 -2.1639 0.6493 0.046124 1.6825 1.8174 -1.9688 -3.959 -6.4969 -1.9865 4.8959 3.9241 -4.1976 
-4.7643 -0.52595 0.36824 11.959 0.27914 5.1661 1.5468 -5.8822 0.83884 -4.7092 2.0883 -6.8268 3.3354 -3.1423 -7.7862 -0.58905 -7.418 -7.3928 -4.4377 0.73903 6.6148 2.1972 6.7658 0.13926 -5.8188 0.42786 2.154 8.7714 2.6942 -1.6385 -3.2923 -1.7128 4.3876 -6.7989 -3.3571 
7.6743 -3.7439 1.0792 -4.9294 -1.0363 1.5435 -2.3993 -5.977 -2.7228 -1.9395 -3.1543 -2.1077 -1.54 -1.5106 -2.3217 3.8224 -7.2019 2.7484 -0.16725 8.0677 10.504 0.17142 10.933 -3.2886 2.5807 -2.4915 -2.1144 -2.3536 -0.55367 2.8435 -3.909 2.1532 -1.0701 -2.9533 -10.524 
1.6725 -3.5533 -5.1028 11.183 1.3499 -5.0212 -0.62525 -2.56 2.3292 -5.0137 0.058824 -5.9929 -2.3686 -2.6682 -1.0296 -8.0961 2.7145 -1.5501 -1.7545 6.8292 -4.2648 -13.709 -4.4378 -6.3437 10.196 12.367 -2.9853 -1.4145 4.7337 1.4286 -4.2808 -0.7372 -2.2582 7.4669 4.7129 
