-5.2176 -13.975 0.3655 -2.3784 1.3697 -4.6437 -0.82645 8.4036 -9.3735 -15.969 -14.134 16.016 -9.3896 10.553 9.9446 13.511 10.215 -5.6016 1.5673 -2.3397 -0.4132 17.667 0.29111 -7.0953 -5.6823 9.2518 -20.521 -0.25825 4.7514 -5.76 -1.0256 -13.883 4.1662 -5.3212 -0.65405 
-0.2635 -2.4834 -1.1611 -0.04455 -0.93059 -1.8196 -3.0547 0.84258 -2.2376 0.8664 -4.7809 -0.50815 -1.4932 -2.3481 0.29702 -0.12147 -3.3198 0.046075 2.8451 -1.4503 -1.4958 -0.3382 -1.5414 0.47528 0.8559 2.3976 2.4973 -2.1068 1.4212 -1.0474 1.4376 2.1642 -3.5178 0.35905 -1.0536 2.8107 2.559 5.5725 -4.0076 3.4657 
-0.05885 -1.4424 5.0965 -3.1262 2.4831 1.2235 -4.3796 3.011 -0.95955 -3.7126 0.3704 -3.5156 1.7228 -2.956 4.0262 -3.3516 1.905 2.4496 -3.8896 1.6323 0.60888 -1.7474 0.68275 -1.1246 0.75315 0.1192 2.0398 0.214 1.5901 1.7841 -2.1242 -1.9411 0.7215 0.95482 1.0813 1.8189 -1.5912 1.2229 -0.48149 -2.2032 
3.0355 -5.0403 -2.0158 -5.8351 -4.2174 -5.3112 0.54774 -0.4104 2.1745 -0.0948 1.0062 -0.9386 -1.4877 -0.2152 0.1485 -2.7111 -2.1323 -6.5137 -4.7671 -1.8942 -3.1634 -0.7097 -0.2999 0.82773 2.028 1.5145 3.543 0.77634 0.20996 2.0698 0.2835 -5.1505 0.68323 0.4812 3.9494 3.871 -1.0656 4.3003 0.91778 1.7607 
-0.45353 0.4028 2.5427 -5.8802 1.1154 1.8416 1.4067 2.7951 -2.9256 -5.1798 -4.2404 1.6233 -0.90118 1.799 -1.5247 -0.0752 1.3167 0.27827 1.4685 -1.085 3.1589 -0.95636 -0.52367 5.1976 0.28755 -0.21371 -2.9169 -1.8202 -1.3605 1.7396 1.2418 -0.8708 3.1069 -1.9982 6.053 -2.351 4.4075 0.52815 -0.7005 0.3277 
0.4253 3.4023 0.1175 -0.5503 -1.165 -2.7002 1.1973 -1.0807 1.9923 0.4976 -2.1275 -4.416 -0.5374 0.6967 -2.172 -4.1871 0.871 -2.6991 -4.6469 4.8461 0.4894 1.5209 2.773 -1.9799 -0.3595 0.3043 -1.2735 -4.1143 0.2258 2.9001 -3.3301 3.9095 -0.0188 6.5851 -5.2776 -2.2421 -0.5049 -2.738 -0.1528 -0.3089 
-0.2348 -1.5057 1.6163 -2.255 1.4413 -1.6689 -2.729 -0.9274 -4.0188 -2.7492 0.3243 0.381 -1.0522 0.0918 0.1048 -0.0357 -0.366 -2.1748 0.5719 -2.1127 -6.0987 -1.5313 2.0674 -6.4249 -0.4778 -5.4665 -1.6042 1.1963 0.7884 0.9437 -3.1077 -3.4157 1.3662 -4.6785 0.1224 1.8671 -2.7089 1.6155 -2.8948 0.3518 
-1.9394 3.216 -2.6498 0.9512 2.6896 1.6813 3.1855 -5.3815 -2.6118 2.8765 2.9574 3.7596 0.6413 -2.4844 -1.4037 0.0234 -2.0002 3.9425 -5.7514 -0.1655 -1.5244 1.2128 2.8114 -2.3868 4.1788 -0.6078 -0.8079 -4.4957 0.4361 0.2194 1.4198 -2.4877 -0.8055 -2.2626 0.7351 3.2673 -3.8482 -3.3653 0.2169 0.2702 
1.3754 3.7519 -3.3441 -0.7322 1.2414 -3.2121 1.7395 0.6168 -1.0253 -1.2557 -1.4755 1.6155 7.0331 0.6541 1.9257 -2.9469 -1.3416 1.6938 5.2096 3.4357 -3.1026 -3.8293 4.4181 -1.795 -4.0989 -2.9468 3.9895 1.5852 -4.3842 7.2883 -3.01 -0.8106 -4.7152 -1.9977 -1.7909 -0.6037 0.6553 1.5118 -0.9658 0.2831 
2.6327 3.3803 -3.8452 -0.9752 -3.5581 -1.6275 1.0053 -1.0114 -2.5098 0.1694 -2.1753 -2.3097 -1.8836 -0.2474 -1.1788 1.9721 -3.8071 -3.5086 2.6142 3.6174 0.4593 -0.4611 -5.4228 2.214 0.0709 -3.7368 3.8708 -0.6438 0.1894 0.1188 1.6575 3.0052 1.924 -0.948 -2.2634 -0.8158 1.7483 -0.9431 -1.2385 -1.1277 
-1.2777 2.4242 -2.2189 -0.9569 -2.3952 2.5265 -0.3797 2.8125 -4.1723 4.4548 -0.9918 2.149 0.1957 -5.6143 1.56 -3.0389 3.8623 -1.8864 -3.4956 -0.0364 0.7389 -4.9178 -1.5952 0.0629 -2.0438 -2.5465 0.4034 -0.9673 2.1316 3.4062 -6.1418 -1.7946 2.6336 0.8392 -1.4148 2.6651 -1.6959 -1.5593 0.3302 0.4086 
0.2017 -4.0965 -0.5349 -1.2586 -3.0067 -0.7273 -4.935 0.3677 -2.7398 1.7483 2.4438 2.3564 3.7496 -4.2723 -1.7984 1.6048 -1.6056 -2.5048 -2.5033 -5.013 0.9186 2.5881 -3.9416 -0.1016 -1.1425 -0.4155 1.6686 1.5872 -5.7604 -2.2676 2.8559 -2.3868 -3.3435 -0.0839 3.7616 2.4481 -0.5587 0.4957 0.0506 -0.4887 
0.5657 -3.7454 1.2267 2.3875 5.2093 0.6985 -0.2735 2.1907 1.6819 -0.5178 -1.8191 -3.4954 -1.2956 -2.8646 -3.307 -3.0731 2.2051 2.6406 -1.2326 2.3234 -0.3956 5.3904 0.2888 0.233 -2.7855 -1.0596 -3.0729 1.6305 -1.2429 0.2739 2.458 4.3851 3.0996 1.9348 -1.3712 -2.1121 2.3985 1.5274 -2.5711 1.7665 
0.7756 0.6958 2.8073 1.206 -0.3246 -3.6457 0.0081 2.0906 3.2592 2.1466 -1.8028 4.7426 0.942 -1.975 4.3088 -0.7533 0.8444 -2.3111 2.6654 2.1338 1.3949 0.4315 -0.8329 -4.0065 3.2865 1.0079 0.6716 -0.7629 0.0558 1.5117 -0.6935 2.0991 -1.9237 -2.7598 -0.17 0.737 2.0638 0.6446 -0.1289 -2.2078 
1.8086 2.6067 -0.612 -0.2722 -3.2016 -1.6902 2.6423 -0.7529 -3.4243 1.0675 -2.5045 0.5137 4.0292 0.3122 -0.8537 -2.1945 2.407 3.5775 0.8291 -1.434 1.5344 -2.0957 3.0743 -0.5491 -0.1243 -6.2647 7.6479 -1.3792 2.1552 1.383 -0.6663 3.8372 -0.4748 -1.8447 -3.2138 1.4588 1.2947 2.0528 3.1699 -5.5546 
1.0238 1.002 -2.7122 2.9123 0.4644 1.7314 -0.5532 2.3166 1.4771 0.3833 0.5804 0.5142 7.3627 -1.0193 -2.6563 4.4643 -0.5993 -0.8653 3.0183 -2.0066 2.1768 0.0064999 -3.2198 -4.0272 -3.8975 -0.7585 -1.5276 1.6162 3.2786 1.7141 -0.8438 -5.0443 0.4658 -0.3072 -0.6764 -2.2586 0.5598 2.0988 -3.5142 1.8871 
-2.2013 -0.2824 -1.9553 0.671 3.93 -1.7791 0.181 1.4504 2.57 -4.5777 -0.8988 -2.7996 -1.7013 -6.4933 -4.6697 1.8266 3.6559 3.4708 -1.0389 -0.0702 5.0356 1.4844 -2.2567 0.3654 1.7784 -1.0411 -1.9411 -0.2507 -3.096 -0.2533 4.0237 -1.4135 0.0108 -0.9339 0.0607 1.6166 -0.5983 -0.2158 -1.0946 3.1769 
-2.281 2.8492 2.4672 0.297 -1.6953 -0.9226 -0.8653 -2.6755 2.695 5.2283 -2.1859 -1.9399 3.6227 -2.9716 -7.1235 -4.3713 -3.7086 1.7604 2.025 0.7934 1.3913 0.0439 1.4057 4.2219 -4.1047 -4.5295 -4.4952 1.3069 0.5817 1.0761 -2.5226 -1.5338 3.0614 3.3576 -1.7721 0.4236 3.4702 -3.8344 0.1172 1.8414 
3.7582 2.5333 0.4074 -0.8865 -0.4262 3.7199 2.5443 -0.5456 -3.1595 1.0225 2.617 3.4989 -3.0066 0.3189 0.311 -0.4732 1.1845 -0.5622 1.6767 5.7234 -0.634 -2.4699 -3.1253 -1.3476 0.8069 -2.6772 -3.6068 -1.7819 -0.6354 0.0335 1.8537 -5.7101 -0.0742 0.2882 3.1626 1.5028 -3.1727 -1.2691 -5.2788 -3.7671 
-0.2187 1.324 -0.6454 -0.4661 -1.8312 1.0864 3.1995 2.3225 -0.4078 2.7032 -1.3777 1.9162 -3.5822 0.9366 4.0494 2.2987 -1.9987 -1.1131 1.1628 1.4856 0.6008 2.6254 1.9134 -2.2979 -1.1432 0.3551 3.607 2.6341 3.5316 4.89 1.6852 -2.637 -2.6992 -0.2061 -0.2554 1.0929 3.136 -2.1679 4.0497 1.9788 
1.4128 2.2573 2.134 -1.1981 4.7056 -1.1864 2.2708 2.6359 4.4276 3.7158 0.1658 1.2595 0.5983 -5.6957 -5.7784 -1.6865 3.2083 -2.9464 0.5707 0.4964 -1.0024 -0.7202 3.7071 3.6941 3.0769 -3.6113 0.452 -5.1071 -1.0622 -3.9011 -2.1583 5.6238 2.1382 2.0578 1.4967 -0.6514 -0.2709 -3.6979 -2.1308 -2.7461 
-0.2803 -0.8648 1.2034 -3.6064 4.6275 -3.5889 -0.8375 0.8707 2.0736 -1.9344 2.6652 -3.2553 1.5178 -2.5222 1.036 0.5954 -2.7013 1.1772 4.7984 7.5965 -3.0226 4.2059 2.9361 -3.3169 1.6651 0.6649 2.4259 -0.65 -1.8731 -0.6177 -2.7268 2.2602 5.2546 0.7606 -0.458 -1.9028 -5.4833 0.0732 -4.541 -1.9258 
-3.2898 -0.1751 1.9322 7.3559 -5.4479 -0.312 3.222 -1.7067 -2.5964 -4.6921 -3.3263 -0.6491 0.5374 0.6546 -6.0935 -3.6182 1.432 -0.5778 -0.1247 -0.2368 -3.9418 -2.9736 -4.4841 4.6345 -0.1719 1.2009 1.3234 2.0013 -1.6385 -5.8104 -2.0483 -0.9729 3.0149 -0.2855 1.3487 -3.0008 2.5495 -1.5854 -3.0003 -1.9699 
-0.5844 1.4645 -0.2895 -0.9611 0.9924 -4.2514 2.0826 2.3053 -1.5769 2.2655 0.4965 -4.6111 -2.2256 -1.325 -3.3452 0.1065 -4.6294 3.253 -3.634 -1.2366 3.7921 1.1838 -0.917 0.5726 0.2851 2.5903 0.6735 -2.1149 1.1282 1.8181 -0.6449 0.6467 1.9855 0.3488 -1.9336 3.6242 -0.4347 2.8846 0.9752 -2.5899 
3.417 4.7914 -2.035 0.0229 -0.1609 -0.3108 0.4335 -0.4681 3.4246 -1.1168 4.1324 2.9652 -6.3597 0.5045 -1.0014 0.9004 -2.6597 -1.3515 6.9968 0.565 2.2891 0.6647 0.3584 -1.163 0.772 0.0503 2.0922 3.8949 -3.7143 -1.6164 -1.9913 -0.3683 0.5534 2.1904 1.9382 -0.2421 1.3983 5.2195 0.6663 2.0728 
3.2058 3.844 2.1875 -3.3426 -3.3185 -0.7747 5.2427 2.3599 2.4013 7.4606 4.6134 -1.6314 -4.1081 2.4386 -4.8722 3.1663 6.9843 0.9852 0.2583 -2.7929 -1.0355 -2.1499 3.8829 0.8837 6.0603 0.3185 -1.2132 1.8072 1.2095 2.4964 1.0094 2.2842 -1.0634 -1.1333 1.816 -3.1307 -0.9148 3.5909 -2.6428 -5.6724 
2.7658 -0.1392 -0.1696 -1.3783 6.3584 -0.4088 -2.732 3.9834 -0.4588 1.4481 2.558 3.5946 -2.7582 -0.0878 -0.3571 6.6774 -2.9926 0.3529 3.2026 4.1263 3.5526 -1.2632 0.7491 5.5015 -2.0182 -0.1728 -1.0199 -0.9457 1.5929 1.3832 1.0435 0.8408 -0.7237 -3.2909 0.4021 -6.4555 -0.687 -5.6431 -2.0787 0.7426 
0.9685 -2.5242 1.4161 -2.0369 -3.3314 0.8742 1.9474 1.2346 3.5031 -3.7953 -2.5361 0.1139 0.1739 -0.0377 5.8767 -1.157 -2.3853 -3.4981 2.8524 -7.0334 3.7142 -2.7579 -1.2574 1.29 -2.4004 -1.25 8.7314 -2.3234 -2.029 4.704 1.8559 -0.6012 0.1779 -3.4297 2.9449 2.2005 1.351 -0.3927 0.9356 -5.5097 
-0.9587 0.2506 -2.0841 -1.6565 2.3139 3.5868 -0.2554 1.7988 5.8312 1.5988 1.4611 2.0465 0.6889 2.1648 -2.5153 -0.2973 2.0596 -1.7309 -4.4705 4.1113 -10.154 -0.6584 -2.0643 0.2911 2.2117 -1.8589 -1.6099 0.5038 1.6479 -0.4436 -1.2068 -1.1485 -2.1791 -1.9298 0.1854 4.5865 0.4955 -5.4218 0.2526 -2.1462 
5.222 3.3077 1.3115 -0.9349 -3.1183 0.0463 1.142 1.2033 0.7994 2.7056 -0.2912 -1.8216 -3.1478 -0.6374 1.8631 -1.6058 -6.7529 -1.4798 5.2992 -5.3382 -1.4656 -1.9255 -2.1917 -0.4845 3.6153 -1.7477 0.0927 -0.0101 -4.4218 -5.3856 -4.3254 -0.442 3.0701 2.6761 -1.773 -1.761 0.3457 4.0368 -1.3403 1.4117 
3.7395 -4.1044 -2.4371 2.921 -3.5953 0.557 -0.3208 3.962 -1.8977 -0.1454 -3.1473 1.7979 1.8186 -0.0078001 -0.0901 2.3891 0.8206 -5.5886 -0.6733 0.4689 1.8376 1.7834 1.5325 1.372 -1.0827 2.7152 -1.5425 -4.4887 -4.0002 -3.9181 4.4068 -1.3543 2.2999 0.8127 2.5398 2.4746 -0.0162 2.1922 2.9439 0.9043 
0.7679 1.7648 2.9814 2.0457 -2.4918 1.7913 0.2558 3.8878 -0.362 -1.7433 0.5177 -2.1574 3.8616 -0.296 -6.4136 -0.7858 -8.2746 -0.219 -2.4068 -4.444 -3.3387 2.7285 4.099 -0.5272 2.2333 1.8722 1.0927 2.0684 -2.7025 -2.3835 -2.1665 -3.7339 -0.8138 3.2757 -3.4202 -0.266 2.0873 -0.6751 0.5155 0.4663 
2.871 0.11 1.6878 2.7356 1.14 -3.5797 -6.3392 -3.2204 -3.2845 0.7493 4.3766 1.443 -4.6982 1.3058 -5.0672 1.1422 -3.9029 2.4517 -7.7672 -2.0224 -3.1668 1.1205 0.0859 -0.1614 -1.9618 1.2517 -1.6902 -3.5475 3.5966 -0.3777 1.8069 -0.8221 4.4406 1.1881 -3.6995 2.6092 4.5452 -3.5452 2.3737 2.4006 
-0.8475 3.1475 -4.3625 2.8488 -1.5182 3.441 -3.3135 -1.915 -1.2122 -0.4705 -2.9621 2.8141 -0.4971 -0.8141 3.9127 -5.995 0.845 1.9672 0.1807 -6.1539 0.959 -2.0448 0.6497 0.8117 1.0715 2.3256 1.4839 -2.0942 1.2647 -3.2424 1.5406 1.6421 3.6891 1.6138 0.9307 -2.0516 0.7188 -3.2017 1.3853 1.9968 
3.317 -3.9286 0.214 -1.9558 -2.9014 1.1063 0.3074 2.1593 1.1788 -0.0025 -1.7957 1.7758 0.0252 2.0591 -1.1707 0.2154 -0.9591 1.8284 3.9955 -0.1276 -0.0758 2.3206 -4.3565 -2.5928 2.5763 -2.3435 -0.601 -3.1918 3.5345 -4.0412 2.6469 -2.3902 -5.184 -3.0372 -5.0011 0.4407 1.4461 3.9698 -1.2574 0.4694 
0.6756 -0.873 2.5003 -0.2744 1.4851 2.784 -0.3984 -1.3609 2.4488 3.2198 -0.861 -0.1084 3.5884 3.4234 -1.8814 -1.477 -4.2079 3.1122 0.3856 1.9468 -0.1952 4.2488 1.3567 1.5449 -3.6358 -0.1258 -0.085 2.3244 -0.2577 1.4528 0.252 -4.4594 -1.3949 -0.1078 -0.6908 -0.9777 -1.2394 -3.1183 2.9255 0.2501 
22.366 14.498 -0.0044262 -31.73 
4.626 -5.8009 -5.2479 -3.0534 2.4942 0.013413 6.5603 -9.737 -2.5649 -0.85315 8.1753 3.6832 2.2729 7.716 -4.3417 -0.88946 0.96972 3.2545 -7.5559 -3.2538 2.2697 5.0055 6.8379 4.8973 -8.7456 2.2227 2.9213 9.0757 4.7893 -5.2218 14.111 6.0957 1.3668 1.2788 1.585 
6.5399 -6.521 4.8493 1.5039 -8.1791 -6.2475 8.5735 8.9966 0.1132 -7.3121 -10.836 3.0018 -4.8738 -8.8894 8.7156 5.6645 5.1445 3.6569 3.9502 4.7496 6.1291 0.72564 -0.97828 6.6735 -4.531 -5.259 -4.7807 -5.787 -11.521 4.5362 4.2886 -1.4526 -3.0732 6.6762 15.686 
-6.7286 -1.1396 2.6122 4.1868 -1.7005 -0.10057 3.7017 -14.817 4.3414 3.8256 3.8998 5.5566 -6.7123 1.8175 2.9885 -4.7246 -1.7245 2.3673 -5.942 2.1835 -4.4628 -6.0779 13.684 4.8813 8.0887 2.4619 -2.5762 -4.3048 2.0815 -3.1011 2.6144 7.0109 2.9695 -9.9899 -12.363 
-9.0456 -0.40528 4.4711 2.2496 2.8679 9.5897 -1.0512 -1.9956 4.4847 -0.59954 2.8043 12.506 2.1073 13.376 5.3186 -2.048 8.2104 10.808 5.5927 7.0545 2.9912 -4.9157 -4.6661 3.6546 3.0637 10.961 3.5093 8.8238 -1.7709 -1.0119 10.107 1.3214 -0.87335 -14.022 4.7998 
-4.2484 5.8799 -8.0022 -12.165 2.1562 2.2723 0.4912 12.116 -4.4028 -9.8535 7.1247 -6.0562 1.4221 -5.3574 4.4618 11.393 0.87988 3.7208 10.525 5.6584 -6.5411 15.048 3.031 -7.1523 -7.8974 14.426 11.002 6.9807 5.6306 -4.3922 11.617 10.609 1.3733 8.196 -3.4047 
1.6692 -1.4662 1.7203 -1.1899 -2.3082 -0.80005 -1.2213 -1.7664 -5.4151 3.4471 -4.3689 -0.58395 -1.4881 -0.4214 -7.7344 -2.5186 0.76065 0.1256 -3.1788 -3.1071 -2.2615 1.355 4.0482 3.3992 3.3916 3.2088 2.1177 -0.95378 -1.258 -0.23988 0.48692 0.83952 2.0046 -3.7421 -0.50373 -2.3049 -1.3868 2.2672 1.6643 -1.4317 
0.43814 -2.6431 4.1212 -1.4397 1.0568 2.1642 3.6693 0.76735 -0.65173 3.5561 4.7632 -0.68445 -4.2088 -1.3933 -1.1975 -4.0383 1.8896 -1.4395 -3.9444 0.72165 4.6009 -1.3246 1.67 -1.3369 1.4866 0.80775 -0.95505 2.2393 -0.82163 2.4236 -0.2923 -3.2119 0.95535 -3.7087 1.8282 2.3289 -2.3227 2.4431 -0.14999 0.76491 
-5.4246 1.4515 -2.9847 0.53798 2.7664 1.6355 1.4531 0.72783 0.4483 -2.1774 0.9188 2.0346 -1.7003 -0.71265 0.74066 -0.4454 -2.1815 0.00087506 2.4701 0.3957 4.9042 1.9807 5.9518 -2.2053 0.33187 3.502 -4.4889 -3.6806 1.8745 -0.1587 3.5778 -2.5014 1.3972 -4.2653 -3.1564 -3.8103 0.0648 1.637 5.5057 3.2116 
-2.136 1.0271 3.0603 3.5449 0.4908 -1.3881 -2.9067 2.1888 3.5777 0.56038 2.5676 0.2729 0.4249 1.4633 0.74765 2.4669 -3.8021 2.9585 -1.028 -2.1807 -0.6732 -2.0395 -3.2026 1.0387 0.62747 -3.4121 -2.5453 -4.0882 2.3741 -2.6931 -3.1126 3.6002 2.8938 2.5156 -0.86445 0.12375 -0.50095 0.47208 3.2556 -2.1864 
0.3452 -5.1249 0.3699 -0.5217 -1.7472 -1.8526 -5.3723 0.4358 6.2597 1.7513 1.7537 -1.676 3.2192 -1.5729 2.6179 2.4046 -3.13 0.6928 -3.83 5.3915 -4.2465 1.7824 -3.3958 2.6864 -2.1615 -3.3635 -2.5817 0.7412 1.0124 -2.1875 3.1255 3.0638 1.4428 -1.4307 0.4964 -0.3816 -0.2692 0.2141 -3.4001 -3.6739 
4.559 -1.6511 2.1878 -2.1057 0.4231 0.0893 -1.8193 2.5162 1.6893 1.2413 2.1426 0.3847 0.0206 0.1878 -3.7856 0.8824 0.7167 5.0543 -0.8836 -0.1098 -0.3437 -0.3874 -3.0322 4.4329 -3.8467 -3.4673 -1.6037 2.0719 -1.4524 -4.851 -3.5007 0.7347 1.3384 -0.8325 2.9554 -2.3593 2.3535 3.5835 -2.184 4.8097 
1.1611 3.3229 -5.5895 -3.4437 2.1794 4.2567 -0.5462 -0.8515 2.4209 0.6618 0.6361 3.1614 2.3239 4.7523 -0.8047 -0.6608 -1.6795 0.4412 1.8834 0.9792 3.4668 -0.9984 2.9029 0.6866 -0.7884 -4.4219 2.6454 2.4255 -1.4039 6.5196 -1.4538 -2.9017 1.0632 1.3058 1.1 -0.2811 1.0761 -2.1266 0.3156 -4.0343 
-2.1936 -0.8784 0.3075 1.4913 -0.778 4.525 1.0582 4.0123 1.814 0.8131 -0.3069 -0.5507 -2.1961 1.0291 2.6146 1.8188 -0.4291 -2.2409 -1.4174 0.2132 4.2754 0.446 -4.2167 3.1865 -0.8796 -5.8635 5.133 -4.7268 0.0505 -1.4424 -3.3414 -0.2868 -0.5614 -0.2809 -0.8537 5.2728 2.5307 0.0756 -1.0818 1.093 
4.6443 -3.1949 0.9539 3.1602 1.5313 -2.117 1.6612 -2.5939 2.2731 -1.0569 -1.985 -3.7531 2.2802 -5.4154 0.7208 -3.0064 -2.2489 -0.2659 -0.6659 -5.2204 0.6577 -1.7603 2.3818 -3.4385 -2.5188 0.9524 0.8994 -4.8253 -4.9298 -1.5863 -1.671 -2.4273 1.9551 3.8019 -0.0509 -3.43 -1.546 0.7827 4.2308 -0.6156 
-2.3025 -1.686 -1.9376 -1.7833 0.4866 -0.3966 -1.3804 -1.6731 -2.2855 0.5559 -1.2144 1.6204 0.3596 -2.9434 3.3121 3.0218 5.1592 -0.0932 -2.2194 -3.2702 2.6376 9.0424 2.5766 1.9529 -0.0656 1.5297 4.2535 0.2518 -0.1005 -2.8071 3.6413 -4.0618 0.9134 1.0572 -1.3307 -2.8626 1.6672 -2.2492 3.0814 -2.3125 
-4.1403 -2.0632 2.7078 1.2039 -5.083 -3.8378 3.2862 -1.5316 2.9731 3.3136 -0.0124 1.8936 -5.5393 1.462 0.4886 -5.4551 6.2416 2.2124 -2.5523 2.7472 -1.0937 -0.9284 1.098 3.5688 2.1222 3.2713 -0.5339 -1.5168 -0.9415 -2.1336 0.221 1.8779 -1.1195 -0.593 4.5238 -4.4076 -3.0398 2.4012 2.4418 -2.8296 
1.7419 1.2652 9.0487 3.6896 -1.042 -0.9322 -3.1897 -1.8393 -1.87 1.7355 -1.0751 -1.4587 3.3119 -1.9077 -3.128 -2.2145 1.4597 5.9 -0.7845 -2.9998 -1.3343 -2.4548 0.7691 -3.3572 3.4912 2.2641 3.9774 3.7137 -0.5157 -5.1615 3.3193 4.268 -6.4167 -3.286 -4.1853 -4.2516 -3.4314 0.6475 -4.6579 -3.6611 
1.474 -0.4447 -3.4457 -3.8566 -2.2725 2.4258 1.911 -4.507 2.6705 -0.4713 -1.9485 3.3968 -3.892 -1.0882 3.6464 -0.283 -0.2414 -1.5759 -3.6563 2.9392 -1.1846 1.9808 -3.8437 -0.3361 -1.7618 -3.6285 1.9068 0.9366 1.5563 4.0289 2.6953 -3.6988 -0.5697 1.9768 -4.253 -2.2268 -2.0658 3.367 3.6653 -4.2111 
-1.564 -3.792 2.7049 0.0802 2.3059 3.4417 -1.3179 4.4065 -2.3902 -2.9922 -2.4731 -0.0665 0.4611 -3.0967 -1.3256 -2.4989 0.0729 -3.6944 2.3176 2.326 0.5925 1.4075 4.3757 -0.3801 -1.5444 -0.9463 -3.2819 3.3514 -6.7269 -0.0547 2.3957 3.6111 -1.9457 0.451 -0.6498 -2.2426 1.3847 0.2576 -1.8489 2.0157 
1.0276 -1.193 -3.3728 -2.9785 5.7394 -1.5484 -2.8153 2.9143 -1.0689 -0.3236 0.8653 0.8282 -0.8627 -0.8616 -3.7878 1.1761 2.0391 -2.5463 3.2236 -0.6433 -1.2831 1.0592 -5.6764 3.5318 0.3106 1.6767 -0.2667 -2.6064 -1.3962 2.9897 1.6137 0.4058 -1.173 0.1273 1.5973 2.2234 -2.4182 5.9922 0.1066 -1.566 
-1.3472 -3.7464 -4.3549 1.7825 -0.5211 1.8437 -1.5208 -0.7776 -5.539 -0.5886 0.0017 -3.305 3.4676 -2.5846 -3.4347 3.4523 1.5624 0.8679 1.9113 2.5879 2.1803 0.1957 3.7285 -3.2053 1.162 -2.8261 -2.3743 -0.1977 0.5133 0.0041999 -4.9249 -1.6234 3.7908 1.1498 -2.3633 2.8577 0.3712 2.4267 1.648 0.298 
1.053 -3.9312 -1.1662 3.4617 -2.9318 -1.3992 4.7524 -1.3456 -1.4694 -0.5993 -0.5618 -2.4888 5.7013 3.3659 -4.4187 1.4998 -0.554 -4.052 3.4065 2.8406 -0.6317 -1.26 -1.4984 -3.8036 7.8306 -0.0288 2.9065 1.4558 -4.2229 4.6183 -1.6225 2.2139 5.5377 0.3201 -1.0093 -0.2458 -0.8925 0.4687 4.0467 -4.1204 
-1.8735 -1.5718 -0.6611 1.1947 -0.1518 -0.6421 -2.7083 -1.1745 -0.4451 3.6183 0.6181 -6.6276 -5.2865 2.4582 -2.6362 -0.2746 -2.3159 5.8815 1.2418 -2.2 -2.1075 -0.1397 -1.2082 -4.2682 2.3523 -1.4795 -5.3618 -1.5311 1.7484 -1.5808 -1.8057 1.1017 5.2615 -1.0321 -5.7494 -3.1742 0.1979 -2.2216 1.3655 -3.491 
0.7979 -2.7172 -4.5535 3.5084 -0.798 -2.1985 -2.8802 -1.6919 -1.533 1.1056 -0.7486 4.5808 0.7621 3.3392 -1.5232 -1.0365 -7.4051 0.898 -1.3584 0.2093 0.0704 2.2269 0.3274 1.4314 -1.9622 -2.5203 -3.535 -2.7728 4.3643 -4.289 -4.6357 2.407 1.7459 -4.9533 -0.1004 2.3919 -0.9471 -1.9205 -1.8573 -3.6426 
-2.8099 1.4455 3.1423 0.9856 2.419 1.3474 -2.9216 5.4795 2.1802 3.596 0.0138 -2.0551 -3.3331 -2.1611 1.968 3.4513 -0.8091 1.9746 -0.7952 0.8914 -4.6414 3.9011 5.5318 -4.4619 -5.3114 0.6187 0.4719 -1.6744 -4.4082 3.1914 -3.9844 -1.9041 0.5547 1.1761 -0.9152 1.6112 0.0194 1.5293 -1.3874 4.4179 
-2.9687 -2.2526 -2.4564 2.5428 2.135 -0.7541 -1.0936 1.3525 3.608 -6.7222 3.4325 -2.0967 2.4631 -5.0388 1.9041 -4.2268 -3.4345 1.2837 2.9651 1.2212 1.6651 -2.108 1.9019 -0.0188 -0.7093 3.155 3.7926 -0.6387 1.2596 0.5884 1.4272 2.4614 0.2041 -3.3585 -0.2567 -0.1158 -1.1178 3.3968 -3.0629 7.26 
-1.9761 -1.6225 2.3008 2.1136 -0.6905 -0.0186 -0.649 -1.101 5.304 -1.5311 0.7684 -3.8766 -3.1822 -2.4439 -2.1138 -2.9035 -0.8825 -0.6385 0.5077 0.4727 -1.0231 -0.9611 -0.0588 2.0587 2.1904 5.4791 0.1893 -0.7657 -2.275 0.692 5.4547 2.9777 -0.5866 -1.1182 -4.1913 -0.4558 1.2709 4.4452 -1.6855 -1.2694 
-3.2154 -0.5492 1.0389 1.8165 0.6507 -2.8352 -0.8059 1.4986 0.6852 6.1267 0.9225 -3.1577 -4.2907 1.6923 -1.2464 -3.8101 0.0306 0.4009 2.1404 -1.4204 1.5441 -2.8268 0.3585 2.4255 0.8383 -1.8147 2.6613 -0.4172 0.5474 0.731 1.1582 -3.3758 4.9872 -0.9629 -2.7742 0.3532 -3.2876 3.702 -1.0979 4.8554 
2.466 -2.3942 -0.8841 0.5867 0.3848 -1.2619 2.0799 4.0744 1.4973 -3.7989 -5.4962 -4.0174 -6.5697 6.0941 -1.5979 -1.0811 -0.378 -1.4502 -1.4343 -4.8116 -1.7005 -2.0196 -2.1792 0.6911 4.739 -1.0418 -0.1735 3.6721 -0.5538 2.8537 1.6804 1.7635 -1.5404 4.4824 -2.2321 -0.5805 -0.7049 0.9569 1.0908 1.2158 
1.1984 -3.2686 3.918 2.1468 -4.3868 0.9035 -1.0436 2.744 -4.2851 -3.0465 0.3363 -0.5378 5.0928 2.0122 1.7866 -0.7432 -1.7745 -0.883 -0.3168 -1.8653 -1.3791 -0.3193 0.4929 -2.4478 1.025 -2.3658 -1.9773 3.6741 0.7303 3.2977 2.8821 3.8159 -3.1909 1.4908 1.2166 -0.8485 -1.8178 0.1227 -1.5049 -2.0894 
0.7713 -3.3843 -5.704 0.4148 -1.5687 -3.4503 -2.3718 2.325 -1.9812 1.4567 1.8059 2.3088 -2.2373 -0.9217 -3.9318 -2.6067 2.1818 0.7731 -1.6154 1.8351 0.0563 -3.5265 1.1987 2.2859 3.2868 1.2769 -0.9314 -0.6175 -1.0602 -3.2734 0.2804 0.963 1.6728 5.4442 -0.3922 -3.6055 3.1459 -1.9967 0.808 -1.9066 
2.1624 0.1297 -0.8045 0.9921 1.074 -0.6903 0.7186 -3.5576 0.9702 -2.6594 0.252 1.6988 -1.7123 -0.8636 -4.9673 2.7297 3.6855 2.8175 -0.8015 3.4473 -3.1326 -2.1171 1.8105 -2.1828 2.3683 0.2823 4.9719 5.1985 1.3078 -0.6099 -1.0851 4.5894 2.9308 0.7997 1.3676 -0.7061 0.5173 -3.519 1.173 2.2673 
0.9094 0.3584 1.0679 0.8572 1.7099 -2.3473 1.533 3.6765 -5.2653 3.0052 0.4904 0.172 0.4434 2.4269 2.6832 -2.0022 2.9033 -0.9149 -0.4897 0.1423 2.0104 -3.3215 -5.7262 -2.8637 0.3432 -0.7504 1.3984 1.0578 -0.59 -0.4329 -1.0723 2.6262 5.2139 -2.7556 -1.6667 -2.974 -3.6809 -1.5476 -3.1792 3.238 
-1.5674 -5.6367 3.2187 0.975 3.0887 0.2361 5.4163 1.6857 2.777 0.4604 -1.371 -6.876 3.0402 -4.0378 1.1465 -0.7202 2.2246 0.083 -3.1132 -2.1739 0.2654 1.9943 1.7536 4.7113 3.3741 -4.8598 2.4573 -3.712 3.8371 -0.9081 4.257 -3.6878 -3.1343 -2.4426 -1.9865 -2.2443 -3.9558 0.6053 -1.3042 -2.7687 
-5.0524 1.3965 2.1688 -4.3113 6.6912 -1.9583 -2.9344 -2.7191 0.1018 1.5728 -5.9499 1.2198 0.508 3.3619 -1.7025 4.352 -1.3656 -1.356 2.1443 0.4535 1.3599 3.1684 -1.8661 -2.2194 -2.7921 3.253 0.9961 -3.8676 -3.3888 -1.7645 0.6544 -0.2805 -2.3317 -0.8127 -0.8123 -2.8785 -5.0999 -4.2721 -2.9762 -4.6215 
-1.0235 -4.8321 0.8396 -4.1531 -3.3247 0.0015002 -1.0894 0.5709 -1.1029 0.9251 1.8545 0.0841 -4.1913 4.967 -3.1549 -0.8757 -1.5343 -2.7985 -2.9842 -0.1428 -0.2033 0.0793 2.1383 2.1157 0.1261 -5.2169 -0.6066 1.8024 4.8892 -3.0748 2.093 0.1867 -4.3757 -2.8002 -2.5654 -5.6825 -0.565 -0.6094 -1.9276 1.68 
-0.0166 -1.0339 0.4221 2.9101 0.7447 1.6874 1.6743 5.8671 1.1915 4.0413 2.2323 1.5918 -0.422 -1.641 -0.4297 -4.8625 3.1982 -2.7565 5.5692 4.5494 6.5889 -1.8376 -2.2677 -1.3895 2.0893 1.5449 -4.347 0.6261 2.1066 -2.5812 1.924 -0.9816 -3.7469 -1.892 -5.778 8.8815 1.5276 -2.5245 -0.4981 2.2807 
1.7201 -2.0469 -4.7435 -2.2039 -0.5036 -0.7262 -0.4832 3.0588 -0.3339 0.1781 -0.3974 -1.3339 3.1871 -4.7282 2.3455 -0.6538 -5.3721 2.5546 -3.4205 -5.2641 -0.6524 1.5317 0.1008 -0.7174 0.9588 -1.4442 2.2121 2.7215 -4.0428 -1.7001 -3.0958 -3.6934 0.5852 1.8532 1.7797 5.7576 -0.5111 0.9103 0.5683 1.3853 
4.6441 5.217 3.738 3.0849 -1.0751 -2.809 -0.4953 0.9629 -2.9593 2.4529 -1.1723 -3.3833 -4.6593 -1.5396 0.418 -2.4488 -0.6412 1.2894 -0.4945 2.3849 -1.9907 1.4566 -0.2766 -2.3846 -1.978 -1.4451 -7.2634 -5.0498 -2.8249 -3.4765 -3.2567 -4.6834 2.1664 0.0738 -1.8872 1.9129 0.6334 2.5048 -2.9851 0.1597 
1.9773 4.2046 4.5317 2.1076 3.1035 -1.9298 -0.349 -3.6021 -0.5144 0.592 -0.9947 1.6423 0.2721 3.3072 -1.7322 5.4288 -2.3756 -1.2206 3.2294 2.7823 -0.6045 0.2879 -0.1393 -3.0626 -1.6202 0.5501 -3.4801 0.0193 -1.1826 -0.9857 4.5342 -0.4379 0.6891 2.9015 3.2904 -2.0021 -0.667 5.8826 -0.5601 1.2197 
29.121 -17.552 4.8564 26.717 
-2.711 -0.19349 11.29 6.3354 4.4634 6.1078 -7.5452 12.153 2.2242 -2.5081 2.4909 3.8102 2.6395 4.9189 -1.7984 -13.577 -2.962 5.04 7.4697 -0.11758 -5.2652 -0.10663 -5.4078 13.765 -8.1084 0.090624 -2.9931 -8.0652 5.7396 -5.4512 4.6121 -0.943 1.6483 14.591 5.2069 
-10.343 15.062 -1.3885 -5.9051 -4.3303 0.80552 -1.9096 -0.45272 4.4714 -13.378 5.8976 -3.208 -2.2831 4.8465 -11.926 -2.6059 12.49 -8.2152 -2.9658 7.6458 -0.67808 5.022 -3.5334 -6.6117 -5.565 -2.7866 -4.4205 11.818 3.1697 -12.062 6.7712 -7.2448 -2.6831 3.6416 -3.4456 
0.7999 -9.406 -0.084148 17.125 -1.9304 2.7694 -8.1302 7.1065 0.82888 -11.265 10.782 -11.006 -1.5303 -1.3842 1.4361 -6.3089 -5.147 9.1747 -7.5057 0.94193 -10.856 5.0899 1.4033 4.3918 6.5238 10.265 -7.5948 4.2581 -6.8207 6.0447 8.2717 -2.4242 1.1654 -0.82232 7.4458 
2.5157 -5.6728 0.69979 -6.8574 -0.2888 16.896 -13.418 12.252 2.0168 9.0958 -6.1678 4.8384 3.889 4.8547 -7.2134 4.8544 -1.4217 -7.1268 10.673 0.58113 2.896 8.239 4.1083 5.1336 -3.8872 -4.0579 2.1778 4.9121 4.9507 -7.0744 6.2573 8.4118 -1.8844 -1.7786 -1.3601 
-7.2743 2.9751 -3.8319 0.93125 -0.61505 8.8564 -6.8767 4.4951 -6.2766 13.036 -22.845 0.91105 10.226 -2.8584 14.854 -5.6763 -12.433 15.723 -10.778 -2.3939 0.8493 2.0871 5.2092 2.1708 5.1616 -10.559 0.014151 0.88285 -17.157 2.2394 2.1383 -4.2576 5.2683 6.9524 -9.7709 
2.0814 -4.7578 -0.5204 4.0091 1.7703 -4.0462 3.2474 -2.1572 -2.3073 3.6853 -5.127 -0.6309 -2.5166 -1.9905 -1.6345 3.0738 -2.6964 -4.5748 -7.7469 -5.0345 4.059 5.2024 1.2664 0.2952 1.0615 5.9457 0.02265 -0.8057 -0.35815 0.8 -1.1028 0.0171 -0.4608 0.98898 -3.5375 2.4063 2.5614 -0.40832 0.04815 2.1042 
1.5669 0.42895 -1.7872 -4.0926 -4.4437 -5.2803 4.5416 -1.531 -2.5188 0.15812 2.4339 -0.6856 -3.3458 1.0068 -3.86 1.0395 -1.8665 -0.2252 -4.1257 2.0706 0.35975 -3.7851 -2.7786 -4.8755 -2.1241 -2.3499 2.0698 -0.6393 -5.8349 -1.4382 1.5081 -2.6202 -0.313 -6.0969 -1.4615 1.6455 2.4932 3.1842 3.2711 0.21268 
-1.2598 4.972 0.91095 -1.088 -2.8679 -1.3945 -0.94857 1.3296 2.0622 1.5132 -1.1028 -0.80655 0.07705 2.5762 -0.6043 -0.80675 -3.2084 3.9683 3.1537 -2.3202 -2.4413 7.3798 -0.59755 -1.0533 0.79923 -2.3995 2.6909 -2.9081 -1.6672 5.0905 1.5057 0.94636 -5.2478 3.754 3.3682 -4.1508 -0.71225 0.26967 -0.66258 0.077462 
-1.704 7.4943e-05 0.13317 0.72614 4.8118 -2.5302 -3.7918 3.8025 0.50957 -0.7898 -0.3062 1.3385 1.9884 -3.573 -0.81668 -1.9296 0.86263 4.5871 -2.4894 2.5774 0.94936 2.3255 -0.69135 1.6051 -1.4981 -3.6492 -1.9131 -1.1472 -1.9775 1.3672 1.4813 -3.5567 -0.62765 -1.38 1.6912 -0.4219 0.75858 2.2066 -3.1071 0.90595 
-0.4299 -3.3813 1.9042 -2.2902 0.2625 0.6111 6.6815 -1.9664 1.1219 -3.0936 -2.6686 -2.8341 -3.7444 2.5349 5.3112 1.2804 0.5162 -1.0073 -1.4867 -3.0077 7.1796 -4.8707 -4.4639 2.7529 -0.2759 0.9457 1.6795 -2.5757 -0.0766 3.7942 -3.026 0.7025 5.0941 1.7702 0.4246 1.8276 -4.1745 -0.8979 -1.2206 2.0966 
-5.8983 -2.9611 4.6437 -2.2713 2.8978 -1.3831 3.799 -0.9436 2.8453 2.3988 -0.4271 2.341 -5.3927 1.6996 -3.0949 -0.7084 -3.9254 1.999 0.9371 1.1226 0.3748 1.6337 0.9514 0.5957 -1.3675 -0.2918 1.2849 0.6899 -1.1452 3.3099 -1.4724 1.4241 -2.6666 -1.6995 2.4731 2.5782 -0.3459 -4.6274 -0.3487 2.0828 
3.4563 -3.2547 -0.3989 -1.4227 1.9739 4.2049 2.2382 3.0639 -3.5717 2.0507 -0.8467 0.1652 3.3966 1.2464 0.884 -3.3484 -1.4019 -1.3455 -0.7197 -0.2401 -1.3684 -3.9451 2.667 -0.684 -0.3724 -3.7179 -2.8607 -3.8697 -2.4446 -0.0882 2.5892 -0.1806 3.8479 -3.9076 6.4442 1.3162 -6.041 -3.2006 -3.3451 0.2869 
2.4514 3.1133 -0.5389 1.5894 0.1847 -3.1184 0.3193 -4.3912 0.8096 -2.9855 2.5803 -0.2734 -1.056 1.4456 -1.9125 -4.8678 3.5878 0.92 0.4033 0.9683 -1.0881 0.2956 -3.3421 -0.8509 -1.5296 -2.3309 -0.7226 -1.2436 1.5716 -2.2305 -0.6196 -1.078 0.679 -0.3611 -0.9768 3.9408 2.2709 -2.5917 1.0332 -3.5795 
-1.5692 -0.9003 -1.6728 3.8198 -1.3617 2.1797 -2.067 3.8934 -0.6233 1.8816 -0.0513 -4.0014 2.6602 0.5467 2.588 -0.8612 1.3908 -2.2044 -5.1528 0.1394 -2.4957 1.9598 -1.9114 0.5233 0.5847 -2.2079 4.7263 2.7008 -4.3326 -2.5823 -2.7076 -1.8148 0.3097 1.7559 -4.237 0.3557 6.2373 0.1535 -2.4497 -1.9326 
-2.1802 1.6536 -3.4711 2.5573 0.6613 0.3495 -1.9357 2.4534 0.9579 1.2694 -0.9891 4.571 1.221 1.5166 -0.1979 -2.0948 -1.827 -2.0107 -0.6581 2.0541 0.2671 3.9577 -2.2045 2.536 -1.2327 -0.9753 -3.7376 -2.4255 -0.6995 -0.3542 -4.1551 -2.6812 -4.3728 -4.3895 -2.684 0.6642 -1.8279 2.5762 1.7855 1.8348 
-0.1694 -1.918 1.0991 4.508 -2.4552 0.8864 5.3322 -3.6552 5.4817 -1.6326 2.5201 -0.6572 0.3506 -3.1549 2.2828 -1.2623 -0.9828 3.0976 -2.6316 4.4772 1.6008 -2.3412 -3.35 0.5526 3.4332 2.6574 0.4236 0.7052 1.3254 -0.1257 -2.9868 1.2016 2.7682 -3.5141 2.6749 1.26 -3.0995 0.5092 2.7749 2.9026 
-1.5132 -6.0383 1.2114 -2.8814 -1.0549 -4.8828 4.6259 0.9208 0.3104 -0.4278 -3.1424 -3.4927 -0.9599 -2.294 1.9798 -5.5968 0.0083 -5.5309 5.1709 0.0083999 -3.1856 1.6727 3.2946 -2.2488 5.0278 -4.1212 -1.9225 4.8465 2.6784 -1.1909 0.5433 3.1077 0.6489 -1.3411 3.9563 1.5193 -2.375 -2.1188 -1.9171 -0.1851 
-1.0321 3.2291 2.2299 -1.1276 -1.102 1.5701 -3.9273 -0.7119 4.0878 -3.201 0.2371 1.7469 -1.9487 -1.9868 -0.8244 -2.2828 -1.4311 0.4032 2.6698 2.9016 2.0019 0.1494 -1.2191 -0.0132 -2.565 -2.4495 -1.0232 -3.1311 4.3786 1.4143 -1.6401 -0.0986 0.5693 1.7327 0.1064 0.9569 -1.1001 4.1937 0.5703 -4.0786 
-1.5256 -2.5464 0.7376 4.5188 1.2206 -1.7125 2.1163 3.0111 1.9519 0.6958 -5.8789 -2.1491 -3.7122 -3.296 1.7637 -3.376 -2.3293 -6.9001 -1.8404 -2.3077 -1.6695 -1.6295 -1.052 2.5526 -5.4671 -1.5657 1.7958 2.9867 -3.1095 3.6534 0.547 -1.6623 -4.7106 0.16 0.634 1.219 0.5916 2.4497 -3.1965 -2.5866 
0.6751 4.9934 -0.1635 -2.8644 3.756 -3.9682 -0.2208 -0.0545 2.7382 3.7133 1.2069 1.2532 0.0868 5.6665 -1.2596 3.9659 7.0309 1.1831 -5.018 -1.8604 -6.368 -2.5354 -0.2118 2.2929 -0.1458 -0.8513 -0.2178 2.8676 -2.5976 -1.1695 2.0651 3.4407 1.6375 -0.7021 0.0471 2.3641 -0.7187 -3.4003 3.2373 2.7489 
-3.4077 -0.0278 0.4846 -0.9265 0.4999 -2.5546 -0.0457 2.7769 -1.9326 2.0909 4.3845 -0.9995 -6.555 -0.8864 -1.0638 -0.1384 -2.8083 0.0464 -3.1545 1.2082 -2.7668 -1.2522 -2.9095 -1.8939 -1.8878 -2.8684 1.3176 2.5701 -4.9451 1.8999 1.1946 -3.5283 -1.2507 2.3677 -1.6824 3.0395 -3.8094 -0.77 0.518 -0.815 
-0.8629 0.4665 -3.5552 -0.2242 1.7205 -0.0128 1.821 -5.2158 0.0611 3.4599 -2.9927 -0.8697 -1.3523 -6.5272 3.3634 -3.1648 0.3385 -4.5147 -4.5284 -1.0392 -1.7032 -0.0105 2.2624 1.3269 1.1951 -3.058 -4.0974 -1.8488 -0.5859 0.4721 -0.3447 0.2196 -1.027 -2.0058 2.6417 0.1338 0.585 -3.641 -5.0865 -0.0699 
2.0331 -3.7571 -0.2764 -2.3899 -3.7423 -6.0617 -1.1895 -0.6236 2.4046 3.821 2.4703 3.2038 3.7383 2.718 -3.2824 -4.0704 0.6574 1.69 4.0953 -0.9679 -1.4094 -0.2128 1.4234 0.6662 -6.366 -4.8437 -2.9239 -0.3219 -1.4477 -3.7734 0.9284 -1.6253 2.4885 -1.7179 2.2087 -2.6431 -0.4992 0.3293 -4.7997 0.4283 
2.1132 2.3589 0.3905 4.5637 -0.9077 4.3005 4.4106 -0.1108 3.4502 -1.7117 6.6193 0.3466 0.8589 -3.362 5.2155 -0.7311 5.3827 2.4529 1.7929 -1.6119 -3.1061 -1.3251 -1.4586 -0.9196 -3.2359 -0.8913 -2.3038 0.5799 -0.6377 1.4775 4.2358 -0.3896 -0.5476 3.9801 1.1671 -0.3769 -3.9328 2.515 -1.1588 0.3034 
1.5896 -0.8655 -5.4447 -4.1805 -7.5272 0.0895 -6.8533 0.3865 -3.0653 -1.3602 1.9576 -3.8006 0.7184 4.234 -2.7153 3.2873 1.1209 -3.5851 -1.1748 0.2855 0.3094 3.5181 -3.4301 3.8871 -0.6156 0.5162 -0.5666 0.3366 0.5114 4.5124 -1.0076 -8.4886 -2.6047 -2.4847 1.5654 0.9165 0.5948 1.3823 -1.0211 -2.1821 
-1.0907 1.3318 0.3829 -1.3981 -2.8884 -2.6668 0.2201 -4.2465 0.7995 3.1129 -0.6314 1.3786 -1.84 3.0874 0.6381 2.1196 1.7339 -0.9813 2.0316 0.8885 3.4438 2.5833 -1.853 3.1444 3.7841 -2.1161 2.5289 -0.8151 -1.9362 -7.309 1.8067 -3.8819 2.9589 1.8199 1.2609 -2.9773 -0.6082 0.6092 1.9235 -0.3292 
0.718 -4.2604 5.0682 3.7293 1.3942 -0.9705 2.8019 -3.0339 0.5354 -3.3652 0.8468 3.7362 1.7533 0.9909 -0.3546 -1.9398 1.3048 0.665 -2.7786 -4.1816 6.8998 2.8949 -2.1312 -3.4627 0.2917 -0.2681 -1.1473 1.0997 -2.5587 0.9477 0.2752 -2.1054 0.0682 -5.7643 -1.8708 3.7215 2.5484 3.6254 -2.3172 2.8279 
-4.6354 3.2699 -3.1994 -1.2044 -3.3725 -1.6182 0.068 -2.6585 0.3738 -1.4174 -2.663 -3.9723 2.4571 -4.0355 -0.1175 -4.3661 -3.8985 -0.5352 1.1304 5.0141 3.4673 -5.258 -2.3887 1.5427 -1.0049 2.9339 0.9138 0.3616 -1.0614 -4.5972 3.0597 1.1487 3.7991 1.9353 3.4669 3.2729 -1.1912 4.4187 2.6947 -0.8441 
2.6969 -0.295 8.1353 2.9284 -0.3761 3.2391 -4.2273 0.2968 -3.1985 2.7223 0.3696 0.3435 2.2197 2.3152 0.6449 0.038899 -2.1157 0.9689 -2.4295 2.0558 -3.8172 -2.7888 0.8007 -0.8495 -3.043 3.0136 -2.4701 -1.3231 -0.7179 0.7231 -9.0474 -2.7855 -2.1185 -1.5605 -3.8077 0.6084 3.3873 -3.2321 -4.1919 -0.8956 
1.8604 -0.9078 0.3196 0.5877 -3.9798 0.3082 -0.26 1.5128 -2.5001 4.7771 -4.9831 0.4045 0.547 0.6703 -1.5188 1.9719 2.3605 2.861 -1.3934 3.9334 -0.4367 1.6032 -0.6856 2.7289 -0.0216 0.538 -0.9576 1.3306 -0.921 -1.9974 3.1856 0.517 -5.3674 1.7434 -3.4718 -1.6166 3.888 -1.2188 3.7312 -4.7015 
2.2988 3.7909 4.89 -1.879 3.3364 3.9634 -1.1391 0.3926 1.3918 -0.9772 -0.4426 1.8287 3.5092 0.8198 3.3466 -2.0351 -2.1725 0.4476 -1.3941 6.1037 1.482 1.2928 2.937 -4.6338 2.7318 0.2714 -1.0158 0.6215 1.0162 0.7737 1.8732 1.2408 1.1069 -2.1914 -6.0992 0.7642 2.238 0.8251 0.8749 0.1964 
-4.964 3.7401 2.3266 -2.6387 3.9187 1.5716 0.5594 2.2784 5.5293 -3.6053 -4.0463 -4.0351 2.1467 -0.234 -5.1686 -0.1534 -4.4492 -2.7205 0.7666 1.4571 -2.659 1.5554 2.7632 3.0839 7.0603 1.2604 2.7233 4.7047 4.1168 -1.88 -2.3615 3.9996 0.5884 0.6274 -1.0479 -4.7834 1.9305 0.2477 -1.5786 -0.1149 
5.7088 1.7487 -0.0894 3.722 0.4733 -2.6445 -4.1524 -1.4865 -0.043 -1.8605 8.0064 0.6029 4.7796 2.9341 2.2996 -0.4027 5.7945 0.4611 0.0362 -0.8061 -1.3521 3.4342 2.3037 4.7163 4.1825 -0.202 -2.397 2.4144 -3.9688 1.3529 1.6041 2.4104 1.5418 3.1167 -1.7768 -3.7308 0.3924 -2.5097 -0.6394 -5.0571 
3.9005 4.3879 -2.2846 2.8453 -2.0273 -3.7812 0.6315 2.9159 -0.5422 1.9744 -0.7051 0.023 -2.8525 1.2758 -1.9299 2.0447 -1.2976 -0.135 -3.0736 -0.9816 2.5867 -2.2325 0.6096 -1.1013 2.2284 2.2694 -3.6626 -2.9348 -0.2246 2.3179 -5.9402 -2.146 1.5692 -3.4541 1.4282 0.0726 -4.533 0.5012 -1.137 4.5611 
2.7247 2.8214 -1.1638 2.8624 0.5386 -1.0381 -0.8938 2.128 -1.0464 2.2745 2.9125 -1.4962 1.5899 -1.5992 -0.2486 -2.6149 -0.3896 -0.4886 1.0257 0.481 -0.5716 1.4676 -1.2625 -1.9511 -3.2954 -1.5376 -0.5132 -0.42 -1.3594 -1.0506 -0.0575 -1.9017 -1.716 -3.8039 -3.9892 3.7799 3.202 5.0512 -2.7065 0.2339 
-1.2287 -2.9226 -1.4576 2.2334 -2.8288 -2.196 -4.2423 -3.4319 4.7577 1.9683 -2.5464 6.6661 -0.8389 -1.2176 2.6263 -4.2035 -3.8581 -1.0019 3.1465 -1.9475 -5.1824 -2.329 0.323 1.1998 -3.4828 2.1058 -0.8462 3.2615 1.8813 2.1115 2.9975 -3.5827 -2.7355 -2.5443 1.2818 1.1309 3.7073 -7.0785 5.0648 1.3135 
-2.4958 3.3953 -1.1484 2.8109 0.8026 4.2157 3.7832 1.426 -1.9039 1.2404 4.0639 -1.0054 -1.3276 1.8088 1.7201 -4.8576 0.1397 5.0236 2.0612 -1.5029 -2.3429 -3.3384 1.3159 -0.3452 -1.9862 1.2598 3.4736 -1.4344 3.9613 -0.1369 -6.2985 -0.9643 -1.9384 -0.4529 -1.2544 3.2242 -2.4932 0.243 3.3577 -1.6931 
-2.8212 1.7641 -0.0326 -5.0457 3.158 0.1925 2.1493 2.6033 1.0498 3.9313 2.5364 -5.0361 -2.8241 1.5209 2.5677 -3.0052 -1.2277 -0.1798 3.4438 0.581 5.2725 -0.9306 -2.9625 2.0173 -1.5494 3.6013 -0.9232 0.8206 -5.3655 -2.7947 -1.7413 -1.9182 1.9071 2.4151 -0.3997 2.0701 -1.4695 -1.499 -1.7364 -0.9678 
3.1169 5.1042 -1.0906 2.056 0.8092 -0.1724 2.3777 1.3304 -1.1305 -0.3458 -2.2979 1.5972 3.423 -2.2202 1.5773 -0.1746 -1.7377 -0.4396 -2.3518 -1.18 2.0957 1.6352 2.608 1.6901 0.5963 -1.6087 1.5012 -0.7012 -0.4034 -1.538 -3.2067 1.3577 -0.1684 -1.2341 -2.4371 0.528 -0.9152 -1.7732 0.1095 1.2839 
-4.3013 6.2042 -2.4199 -3.3513 2.0182 4.8586 -1.2797 0.8985 -1.19 -3.6882 4.9337 4.635 0.277 3.3238 0.9861 -4.0425 2.2521 3.6135 -3.4595 8.0944 -0.8178 3.7631 -0.9791 2.9594 -2.8212 -5.6745 2.3975 -1.6772 3.0513 -2.6688 -1.6003 -2.5237 -0.8534 -5.9719 5.77 1.3558 -0.3613 1.9096 0.5765 -2.319 
-23.373 -24.456 -7.915 16.485 
8.4921 -6.3955 6.5261 -1.8724 -1.3331 4.334 -9.7229 14.482 2.0684 4.0212 9.9992 4.4227 -6.033 2.8104 0.44571 1.9377 -6.1446 -7.5879 10.211 -11.283 1.8035 -2.4492 -6.6411 -0.062675 -7.8876 -2.5894 7.3108 -4.4925 0.62737 -5.3705 -0.33199 1.7367 5.0297 2.8061 -2.2584 
-11.45 -3.1098 2.8599 11.542 0.43089 6.9697 5.0277 -11.196 6.0725 -12.7 9.3 -11.99 10.619 -3.2239 -7.1954 -5.4691 -12.376 -13.386 -0.23462 -3.9347 -0.4146 0.27669 7.8083 6.1428 -8.3015 0.97276 3.4162 3.6453 0.031938 1.7354 -2.2298 4.5727 -1.6479 -6.3457 -9.5623 
14.91 -7.3375 5.7634 -5.3012 1.7107 10.295 -4.5909 -0.305 -2.6444 6.2102 -1.5004 -1.2199 1.7254 1.172 -2.0228 7.0591 -9.8527 3.5181 -0.6725 5.7607 7.7809 5.2832 3.0714 -11.443 4.3016 -4.8126 -0.88411 1.7504 0.062513 7.028 -3.768 -1.5293 -4.9159 2.219 -7.4958 
7.4847 -6.9115 0.94583 11.762 4.8257 0.54819 1.0526 -1.5418 2.2188 -2.6063 -4.4832 -5.5877 -6.0529 -6.4072 -1.0987 -9.4931 3.5928 -4.8951 -9.9274 5.3524 -0.65097 -13.112 -4.5666 -10.784 15.749 15.905 1.5426 -1.5333 4.2564 -3.5517 -7.2783 -1.9165 -0.46664 5.9547 2.9299 
