-6.9609 -18.546 1.6634 2.6651 -4.6213 -16.59 11.773 1.3701 -17.64 -27.342 -14.934 27.376 -11.636 7.9819 0.53885 10.595 12.844 -4.4691 -2.4412 -8.3664 -1.4782 19.13 3.4004 -17.504 -2.3186 5.5041 -24.524 2.3057 0.9729 4.5205 4.3042 -17.204 3.4596 -2.6832 -2.907 
-0.14525 -5.1174 -0.46513 -1.6218 -0.42034 -3.4499 -2.6859 1.8146 -0.096725 -1.7539 -3.9184 0.65185 -1.2743 -1.113 2.1714 -0.5626 -3.0338 -0.44818 3.8771 -3.0355 -1.8302 0.68768 -0.30875 -1.1315 0.7584 1.8399 2.3448 0.85295 1.7697 0.13285 0.17783 4.3731 -4.8333 -0.49095 -0.19413 1.9777 1.3705 6.339 -3.1424 3.2311 
-1.59 -0.15092 2.8692 -5.5042 1.5536 3.2309 -4.7951 4.5365 -0.46755 -4.1156 2.0502 -1.7079 2.666 -2.3667 6.8749 -3.9165 1.2284 1.8244 -5.2984 -1.3267 -0.70262 -2.89 1.1988 -0.62522 1.0795 2.3945 2.1754 -0.48525 1.0591 3.2676 -1.2802 -2.2195 0.66912 -0.77918 -0.20818 1.5354 -1.8391 1.9524 0.40782 -2.1713 
4.418 -3.0273 -3.4468 -6.1157 -5.5444 -2.3072 1.7067 -0.5579 0.919 1.0157 0.3629 -0.8086 -0.9709 -1.5845 0.6095 -3.1368 -1.366 -6.4142 -3.8687 -2.5732 -5.5383 -0.5722 1.0255 -1.4367 1.449 -0.06245 3.6246 1.5106 -0.094631 2.2337 1.8262 -5.2705 2.1407 -0.81724 5.0116 3.6765 0.040488 5.9921 1.4015 2.792 
-1.2293 1.6271 1.4407 -5.039 1.1049 1.1802 -1.1111 3.0608 -2.7918 -6.1051 -2.1069 0.59531 1.4883 5.2209 -2.0234 -0.78442 0.90705 0.73015 1.291 -1.5375 2.4734 -0.44111 1.5511 3.3807 -2.4875 -0.94012 -1.6746 0.13006 -3.2942 -0.25862 2.0317 1.7645 4.4173 -2.9252 6.3774 -3.2369 6.3713 -0.8191 -0.7235 0.94595 
-0.0277 3.7073 1.2635 -0.2143 1.026 -1.3592 0.1963 -1.2417 1.0633 1.8286 -2.0575 -5.354 -4.8764 -1.3893 -2.36 -2.9741 -0.819 -6.2361 -3.5039 2.5851 2.0214 0.7889 4.434 -2.1299 -0.1195 1.9253 -1.3665 -4.7323 1.2638 3.9281 -2.7171 3.8625 0.3152 7.2971 -7.3036 -2.7901 -2.0299 -2.29 1.3392 -1.0859 
1.3542 -2.2747 0.5873 -4.47 0.2103 -1.1689 -2.665 -2.5754 -2.4478 -1.4022 1.5563 2.826 -2.5432 -1.3762 3.3598 -0.6877 2.136 -1.6188 -2.9831 -3.1187 -6.4967 -1.2003 2.4044 -6.4799 -0.4738 -3.4085 -2.4312 1.8393 0.0444 1.4507 -4.2417 -7.9047 3.1882 -4.7535 -0.2656 1.8941 -3.8739 0.0645 -2.0348 3.8608 
0.7756 2.677 -2.9958 -0.6248 1.9406 2.5953 2.3635 -8.0825 -1.6428 1.7025 5.0044 4.4026 1.3293 -3.5114 -0.4257 0.0284 -2.0682 2.9625 -7.3134 -0.5255 0.1596 -0.4542 0.5214 -3.8768 3.6568 -0.3918 -1.6869 -2.8297 1.6411 -0.3176 1.4828 -6.8727 0.5465 -0.7996 0.1651 4.1043 -2.6022 -6.4493 -3.8851 1.0822 
1.1674 3.7829 -5.6041 -0.8152 2.0474 -4.5171 1.8815 0.2278 0.7677 -1.9667 -1.6025 3.4345 8.0831 1.3241 3.9107 -2.6869 -0.3686 0.7868 5.9006 0.6417 -2.4246 -2.4703 5.4381 -2.386 -4.3429 -2.9328 3.9865 2.3682 -6.3942 5.0863 -1.109 0.0094 -5.0322 -2.3477 -1.6119 0.1173 0.6073 -1.6882 1.3552 -1.1079 
3.2697 2.2713 -2.9252 -1.1332 -0.6671 0.6085 -1.4687 -0.5794 -1.7878 -1.5116 -1.5743 -3.6737 -5.0696 -0.7394 1.8382 0.5891 -4.4511 -2.7926 1.3262 3.7454 1.8703 2.5999 -6.8528 2.99 -0.3001 -7.3738 5.7658 -1.0288 1.0674 -0.5142 4.1095 4.7032 2.115 -0.967 -4.4884 -2.4738 1.0993 -2.1461 -0.2625 -1.9557 
-0.1347 1.6262 -1.4439 0.2691 -1.6332 1.2795 -1.3847 3.7385 -1.7163 5.2308 -0.5168 1.506 0.1397 -5.2603 2.06 -2.1559 6.0083 -5.3284 -2.6006 1.2916 -1.2311 -1.5458 -1.1572 -0.8481 0.1112 -0.6865 -0.4646 -3.0943 3.0616 2.4632 -7.1628 -0.9486 4.3226 0.5302 -2.9308 2.5741 -1.9369 -0.8483 1.6022 0.0276 
-0.5153 -6.3255 -4.1159 -0.4006 -1.4287 -1.0973 -4.143 -0.5403 -1.6868 2.8613 4.9318 2.3334 4.4486 -5.6013 -1.9484 0.8418 -2.2756 -1.9858 -0.5683 -6.384 2.0646 3.6411 -4.6366 0.4114 -0.4665 -3.2475 3.3886 0.5302 -3.3024 -2.3716 2.6429 0.5602 -2.9965 1.5961 1.5906 1.8011 -1.5367 -2.0763 1.6366 -1.5907 
1.3577 -3.6574 -0.5953 3.8735 5.3693 0.2685 -0.6205 1.4427 2.7899 1.8412 -1.6271 -3.2874 0.0554 -2.5106 -3.007 -3.4171 -1.3839 2.0576 -0.2026 1.4234 -4.8406 5.8664 -1.8492 1.55 -0.063499 -1.1036 -0.8919 -0.3405 -4.5149 -0.8521 2.659 4.2581 4.6986 1.9688 0.5568 -1.0041 3.0505 3.2404 -2.2491 1.6375 
2.3726 1.7928 2.8453 1.886 0.5544 -4.6997 -1.1049 1.3036 3.5642 -0.2964 -1.5688 5.8296 1.544 0.066 5.7878 -2.8293 1.4304 0.9289 2.9864 1.2588 2.1849 -0.1435 0.4291 -5.4765 2.4695 2.7359 -1.1714 -2.1719 -0.0492 -0.6173 2.6015 0.8901 -3.1457 -3.4688 -1.123 0.915 3.3508 0.0196 -1.9259 -3.2438 
-0.2564 4.0937 -0.535 3.9298 -1.8436 -2.8352 2.9453 -0.4179 -3.0423 -0.8635 -2.0115 -1.3613 1.8692 1.5962 0.5053 -2.8485 2.04 1.4655 1.6581 -3.177 3.0744 -3.4367 2.5623 0.6889 -1.1153 -8.1967 9.0829 -2.6322 1.3752 0.461 0.7537 2.7612 0.4332 -2.9677 -3.7768 -0.4072 1.4737 1.9068 3.7029 -5.4836 
-0.9002 1.192 -4.8542 3.8853 -0.0266 2.7834 -1.3332 -0.7734 2.0491 2.1713 -0.6946 0.7212 7.7497 -1.0873 -1.8353 5.5643 -2.9353 0.1737 1.3893 -1.2156 5.8238 -0.3655 -0.9288 -1.6272 -2.0485 0.6725 -2.5406 0.5082 3.9036 5.2861 -2.3698 -5.5723 1.2708 0.6828 -2.0904 -1.2206 0.5418 1.7418 -5.4012 -1.1809 
-1.6533 1.6456 -3.3733 2.027 3.473 -2.9941 -0.476 0.9944 5.684 -5.5027 -2.1038 -0.8306 -2.6333 -5.2203 -5.8837 3.2426 4.9239 4.6048 0.0761 -2.6922 2.7436 3.8144 0.4483 -0.1526 2.4084 1.6229 -4.3511 -1.6587 -2.661 -2.4393 2.0397 0.4465 -3.0262 -0.9259 -0.6023 5.0456 -1.6683 1.1182 1.0164 2.4919 
-0.792 3.9802 4.3582 -0.988 -1.2473 -1.6126 -1.9833 -3.3045 1.412 6.0363 -0.9309 -0.6739 3.6167 -2.8816 -7.9455 -2.5463 -3.4676 -1.3226 1.137 1.3294 -0.8217 -0.5861 -0.6673 5.2809 -5.9127 -4.5235 -1.7512 -0.0901 0.6417 2.3771 -3.1766 3.0432 3.7634 2.2156 -3.0131 -1.0434 4.7962 -1.5784 3.3512 -0.0696 
5.4722 0.5693 -0.6156 0.0385 -1.6462 1.9289 4.6763 0.9584 -2.1865 4.6815 -1.6212e-07 3.5419 -3.1526 -2.0621 -1.026 -0.8382 2.0135 -0.4442 0.2117 4.4464 -0.683 -2.3089 -2.5903 -2.0176 -1.2051 -2.6442 -2.5788 -1.0209 -2.2044 0.8345 1.7167 -5.2441 -0.1252 -2.2678 2.1216 2.2888 -2.5457 -1.3571 -3.3828 -4.4751 
0.9923 -1.246 -1.5404 0.8399 -2.5062 0.9624 1.3205 3.4115 -0.4118 3.6492 -1.5277 -0.1848 -2.1732 -1.1544 4.0014 3.6767 -1.4587 -1.3511 0.5818 1.0486 -0.6802 2.8774 3.1004 -3.7659 -1.0912 -0.9369 4.904 3.9251 1.7276 3.524 0.3672 -4.821 -4.6512 0.7919 -2.4314 0.9569 4.053 -1.7829 5.2187 2.2888 
2.0028 2.5843 0.918 -1.6081 4.7366 -1.4794 0.2678 3.4699 7.2456 3.0818 -2.2312 1.1075 0.4473 -5.1507 -5.5834 -1.9545 2.8113 -1.7494 -0.8793 -0.4006 -3.3044 -2.7242 3.4041 3.5661 4.3399 -4.7143 2.419 -5.7921 -0.0392 -5.8651 -3.3653 4.4478 1.8312 2.9788 2.4717 -0.8514 2.0001 -5.1009 -4.0748 -1.6521 
1.2857 -1.7788 1.7404 -6.2414 3.0885 -3.5259 2.3385 1.5407 0.1966 -2.0254 2.6762 -0.4523 0.2388 -4.3312 -0.443 -0.0856 -2.4923 2.0302 4.3034 6.2855 -1.9756 2.8679 3.1041 -3.4749 3.0241 1.5139 1.2629 2.287 -1.6901 0.5653 -2.7748 0.2532 5.6156 -1.4304 0.022 -2.7778 -4.6133 -1.3918 -4.205 -3.1508 
-4.9758 0.6249 0.9182 4.5109 -7.7129 -0.794 2.797 -2.3507 -4.2714 -6.0571 -2.8543 -2.3341 -3.0396 -0.5194 -7.4905 -2.5962 3.015 0.4662 0.2423 0.5872 -3.2098 -3.6666 -3.3841 4.9055 0.2291 1.0359 -0.2716 4.1003 -1.6875 -7.3174 -5.0903 0.3381 3.8909 -0.8265 1.6697 -2.7338 2.2855 -2.6804 -3.3493 -2.0529 
0.2776 0.1815 -0.7845 -0.7961 1.1514 -4.4004 0.2596 1.9893 -2.0299 1.0695 2.8755 -3.5811 -2.5906 -1.515 -3.6942 -0.4535 -3.5774 2.018 -2.718 -1.5506 4.6091 -0.3212 0.291 0.4946 0.5011 3.9403 0.2825 -2.8229 1.1352 3.1231 -0.8389 0.4737 -0.4985 -1.8492 -1.7466 4.2332 0.0173 2.9696 2.8052 -2.9729 
5.29 5.8364 -2.495 -0.2641 0.3521 -1.6058 -0.3155 -2.8941 2.6206 -0.7678 4.0564 2.4282 -6.7767 -0.3825 -0.6144 0.1364 -2.5157 0.2775 8.7568 0.846 3.3551 1.0097 2.2534 -0.782 0.282 -1.4147 3.1062 2.4709 -2.4963 -0.9364 -2.6083 -0.3793 1.1544 4.3454 -1.6358 0.5479 0.9103 4.1875 1.8093 0.4608 
2.7698 4.267 2.0575 -3.9176 -3.2025 0.5083 3.3737 0.1069 2.7113 9.6556 4.4134 1.5346 -6.9021 2.5696 -6.3172 3.5193 8.9513 3.2262 -1.5897 -2.3289 -1.4975 -2.8419 2.4459 1.1327 4.8863 -0.1745 -1.0512 -0.7868 0.9525 2.3344 1.0854 2.2622 -0.9634 0.3547 0.533 -3.8177 0.9362 1.1289 -3.7348 -8.1484 
3.0418 0.3448 0.5814 -3.4453 7.0914 -0.6598 -4.493 3.2044 -1.6688 -0.3849 0.401 6.3486 -5.0622 0.7612 -2.8491 5.0814 -3.4016 3.4949 3.3126 4.7513 1.6166 -1.2842 0.1011 5.0335 -3.3422 -0.0938 -0.8509 -3.7867 0.8559 -0.5658 2.5425 1.8118 0.5503 -5.6609 0.6901 -7.5145 -1.261 -5.8971 -0.6047 0.8036 
0.0105 -2.4132 -3.2379 -4.3399 -2.6634 -1.4588 0.9304 1.5816 3.2611 -3.4123 -2.1891 -0.6761 -2.1951 -1.8247 2.9407 -0.851 -1.9153 -3.1221 6.1134 -8.5384 2.7662 -3.9739 -1.5154 -1.797 -3.0494 -0.79 7.9834 -2.5264 -2.482 5.178 2.3619 0.5178 -0.0271 -4.5137 2.0549 3.1025 3.249 -1.7827 0.5376 -6.5297 
-2.8827 -0.3514 -2.9981 -0.3255 4.1319 2.4208 -1.6014 0.7658 5.9012 2.2488 2.5001 0.1545 0.2749 2.8278 -2.4103 -0.8663 2.7306 -1.3919 -5.0855 7.5493 -7.9962 2.6216 -2.7353 1.8171 1.9327 -2.9819 -2.4059 1.4438 -0.7151 -0.5616 -4.0758 -0.0385 -1.8661 -2.0898 0.1604 5.4425 -2.4635 -4.8688 0.9076 -1.1152 
5.7 3.0577 1.3335 -2.2059 -2.0683 0.7723 1.59 0.2893 4.7554 5.4946 -0.2822 -3.2516 -3.8458 -2.4754 4.0161 -0.0968 -8.4139 -3.9008 3.8832 -5.8432 0.2034 -4.4585 -2.1507 -0.8825 4.4723 -1.1137 0.7047 -1.5261 -5.0258 -5.2526 -2.5444 -0.06 3.3381 4.5481 -3.464 -1.528 -0.0453 3.7378 -2.1263 0.6817 
2.7875 -5.9124 -1.8821 3.655 -2.8643 -0.259 -3.2798 3.653 0.4383 0.5206 -3.0783 2.4899 2.9166 1.6992 1.9079 3.7121 1.5456 -5.8126 0.8507 0.6869 3.0456 2.4904 0.9855 3.031 -1.9317 2.1022 0.3715 -6.6907 -5.3052 -5.3111 4.5898 -0.5963 1.4709 0.6917 2.9448 4.2156 -0.6922 3.5032 1.3479 0.3803 
0.2149 2.3438 1.7014 3.9677 -0.9838 3.1333 -2.4362 5.5858 -0.09 -3.0723 0.0727 0.7526 1.5626 -1.747 -7.3866 -1.6278 -7.6536 -2.549 -3.4668 -2.523 -5.6457 4.7495 4.87 1.0248 -0.1617 2.5622 1.4367 1.0144 -4.8525 -4.3765 -0.9685 -4.0529 -4.2238 1.6407 -4.0762 -0.543 1.5393 -1.9461 2.6315 -1.1677 
2.222 -0.719 1.7118 4.4486 1.19 -5.4807 -7.7662 -5.5094 -3.1875 2.7413 6.1496 1.402 -4.2532 2.0578 -3.8592 4.9922 -6.3349 2.6327 -6.0512 -2.4954 -3.1618 0.7235 -0.3081 0.4746 -1.3348 0.7947 -2.4922 -2.7515 0.1966 1.4533 2.7489 -3.6221 6.3336 0.6281 -3.7705 3.4922 4.3622 -5.1082 3.0717 3.1176 
-0.7345 3.8985 -6.0975 2.1558 -2.7192 1.528 -5.1965 -2.27 -1.3962 0.1365 -4.6281 4.4051 -0.5091 -0.8501 4.3357 -6.367 2.684 -0.4498 -1.2243 -5.2169 1.164 0.1392 2.3237 -0.8673 2.9925 1.4826 2.1149 -0.7792 2.2477 -2.1754 2.3006 2.7601 1.4571 4.1208 1.7697 -1.4166 -1.1042 0.2203 1.9763 3.2868 
3.659 -3.2446 2.024 -3.9898 -3.1614 2.9633 1.1124 0.9633 1.5398 -1.4795 -1.1687 4.1468 0.0732 0.7831 0.6153 2.4394 -2.0171 1.1874 3.2275 -2.1196 1.3012 2.1666 -6.7235 -2.3118 3.2073 -2.7735 -4.129 -4.6488 3.8435 -4.2582 2.4079 -3.6322 -3.629 -3.3242 -4.6531 0.7237 1.0391 4.3278 0.4046 -0.7186 
-0.3674 -0.801 3.4313 -0.3534 0.9521 3.801 -1.0214 -2.5479 2.6798 5.1368 -1.479 -2.5194 5.6474 1.7504 -0.7894 -1.865 -1.2669 1.8382 0.2126 1.6138 -2.3372 6.9448 1.0307 2.7389 -5.4198 -1.5488 1.059 3.7224 -1.0757 0.5588 0.513 -2.6354 -1.4999 -0.9038 3.0602 -0.1137 -1.5904 -2.2243 4.5355 -0.7129 
28.429 25.897 17.598 -15.43 
1.482 -2.9552 4.8876 -9.0937 1.1729 -1.8743 7.7733 -9.0984 -3.0996 -2.5299 5.6526 13.421 0.99481 6.3268 -2.6237 1.068 0.049726 2.6978 -4.3024 8.0575 -0.14238 1.6178 14.394 2.561 -6.8446 4.8807 8.4075 8.3883 7.9401 -16.394 18.542 9.1317 -0.013076 5.4255 8.0715 
7.3336 -6.3784 5.6369 1.1231 -4.6583 -10.515 1.3252 11.746 -1.995 -6.4826 -16.034 0.41788 1.9833 -6.2844 7.073 8.2979 3.4224 5.1511 3.9611 3.5351 10.003 1.892 0.6271 2.0064 -7.0226 -3.6041 -8.6741 -4.5052 -9.156 8.7041 0.95984 5.2889 -1.3924 0.12298 12.887 
2.0801 -2.4868 2.5955 2.0308 -4.7818 3.9607 -2.1881 -18.839 1.6736 5.982 0.57576 -6.9217 -2.186 1.0961 0.56922 -1.4351 -0.30521 -4.8824 -2.5261 -0.47248 -1.5534 3.1037 14.373 5.4581 3.9342 5.3529 -0.81624 0.4172 4.8543 -2.5656 2.4711 10.734 12.321 -10.011 -4.0779 
-11.733 4.9293 2.2276 -1.6636 2.2149 0.8114 -3.8532 -5.0452 12.377 -8.0165 10.986 11.424 6.6725 8.2254 10.593 -0.22635 11.922 6.0247 1.104 7.0505 0.63909 -5.7767 -5.3742 1.9632 8.7891 16.742 8.6056 2.7764 -1.8737 5.2342 8.7974 -5.1896 -1.0262 -19.922 8.6201 
-1.4084 -4.5716 -4.8232 -11.766 -0.091077 3.6161 -8.7958 14.011 -10.449 -6.133 17.331 0.80075 -3.6064 -12.766 0.067596 12.89 2.1094 8.1333 11.288 10.426 -6.2811 11.588 12.157 -6.7521 1.4403 21.266 11.684 -5.497 2.1605 -3.0662 17.684 2.9857 -1.9344 6.335 3.9625 
1.7722 -2.4707 4.3041 -1.1224 -0.9419 -1.203 0.19878 -1.6271 -5.5264 3.8298 -5.6396 0.53517 -0.83385 0.22935 -8.2209 0.39869 0.38665 1.3598 -3.0649 -3.8268 -5.311 3.8799 3.5354 3.5629 3.1465 4.974 2.0255 -2.683 0.33203 1.5112 -0.050206 2.1963 3.5303 -3.414 -2.0958 -1.5344 -1.762 1.4573 0.32756 -1.0645 
-0.23186 -0.4598 2.9484 -0.83212 2.4885 1.4915 3.7169 -1.2511 -0.13573 3.0817 4.8162 0.30499 -4.5687 -0.43742 -4.1028 -3.9673 0.61596 -0.99852 -3.2848 -0.51847 1.8754 -1.0703 1.4918 -0.3739 4.4137 -2.2136 -0.59405 3.5709 -1.2914 2.6504 -0.7418 -3.7308 3.6687 -6.3774 2.2328 3.8162 -1.4117 2.6838 0.19835 0.88691 
-6.0551 1.6608 -2.5467 -2.1265 3.2028 2.6104 1.0659 0.063575 -0.022075 -3.3386 1.6741 0.80682 -1.8616 -1.5174 2.62 -0.22515 -2.4195 -1.5871 0.6731 -0.2013 2.6387 -0.15987 6.9733 -0.53245 0.20812 3.5732 -6.229 -2.8524 0.73385 -1.5391 3.3315 -2.9331 3.5698 -5.6451 -3.2719 -5.3643 -0.71648 0.26138 7.1117 3.038 
-1.3425 0.6551 3.0926 3.5665 -0.37458 -0.54582 -2.7829 2.8667 4.2426 2.2383 0.1533 1.4332 0.11834 1.8316 -1.8207 2.2714 -2.5808 2.2947 -1.5764 -3.5744 -0.58301 -1.1033 -4.9077 0.6209 1.2805 -4.3489 -4.7663 -3.268 2.4576 -4.9346 -1.7786 1.765 3.6267 1.9144 -0.56445 -0.29475 -0.20645 0.28458 3.3271 -2.3419 
2.2582 -3.1169 0.2609 -2.4177 -0.8882 0.9034 -5.9903 4.1558 8.2597 -0.1457 3.8707 -3.238 3.1722 0.8571 3.4419 1.7426 -6.774 3.4488 -2.607 4.2315 -5.9255 2.1654 -2.2178 2.6064 -4.1195 -1.0445 -1.4667 0.4552 1.4884 -0.9045 2.2095 3.4028 -1.4842 -2.7287 3.1634 -1.3056 1.3088 -0.0079001 -0.1921 -4.2529 
3.586 -5.2971 2.4298 -3.1437 1.9761 0.5133 -1.2823 4.7182 3.9433 2.6813 1.3406 0.8227 0.3326 3.4388 -4.2606 2.7034 1.0377 6.4483 -1.9686 0.3542 0.0583 2.7596 -2.1452 3.7509 -1.4517 -2.2183 -1.1607 3.1259 0.0626 -6.784 -4.9097 2.1467 -1.8126 -1.6045 3.5584 -3.3793 0.5675 3.5995 -3.535 3.5887 
1.3031 3.6269 -5.4865 -3.2077 5.5374 6.6797 -1.9572 2.1285 2.5309 1.7538 0.1471 1.6764 1.3609 1.8853 0.5163 -2.3308 -2.9575 -0.2898 0.2054 1.0182 5.2828 0.7226 1.9259 1.9356 1.6536 -4.0339 1.2754 2.3165 0.1251 6.2916 -2.4408 -2.6327 -0.2628 0.3578 -0.135 0.5649 0.5631 -3.2406 -0.1134 -4.2473 
-3.3506 -1.1394 1.7095 0.5403 -2.816 4.603 0.1382 5.0823 2.101 -0.3459 -5.3219 -1.4567 -2.8561 -2.3929 2.8166 1.1848 0.1109 -6.2379 -2.2774 0.5242 5.0134 -0.304 -3.8807 5.7445 -1.3656 -7.0925 4.688 -6.1318 0.6895 -1.2924 -3.7604 -0.2048 -0.9504 -0.1559 -2.9117 6.7438 3.7517 0.6976 -0.1138 3.163 
4.2503 -2.6039 -0.5311 4.1992 1.6793 -3.968 -1.5928 -1.9669 1.0161 -2.5679 -1.683 -2.8991 1.6612 -4.8094 1.3128 -2.2474 -3.0639 -2.7979 -0.8329 -3.4294 -0.4803 -2.6943 0.8578 -1.8985 -1.6118 0.0654 0.5744 -3.0793 -3.5678 -1.5703 -1.316 -3.3973 2.6651 4.1039 2.4571 -4.606 1.574 -0.8753 2.3438 0.2794 
-0.1305 0.39 -1.0726 -2.4703 1.1516 -1.2346 -3.7564 -2.4221 -0.8935 0.7899 -1.2374 1.7994 2.5936 -5.3534 6.4581 4.6708 2.1202 2.0798 -5.1684 -3.7742 2.5456 8.7674 2.4216 2.0949 -1.1146 0.0157 4.1615 -0.4962 2.1655 -4.0131 4.6593 -7.0018 0.9474 -0.4528 0.5153 -3.6376 2.1722 -3.3992 4.0134 0.6765 
-4.4873 -1.9382 3.4568 3.3849 -5.215 -3.5148 1.0842 1.0234 2.3691 2.8766 1.9106 1.8216 -4.9853 0.942 0.8686 -2.7351 5.4166 5.0654 -3.4943 2.5042 1.7183 -1.1544 -1.17 4.0458 0.5482 4.0963 -0.5259 -1.3628 -1.3465 -5.3466 1.123 2.5479 -3.8355 -3.226 3.9778 -1.7716 0.1122 3.1302 1.5438 -1.4466 
-0.9121 3.4822 10.463 6.8766 1.367 0.5078 -4.8277 0.5757 -0.652 6.0985 -0.3221 -2.6397 3.9929 -1.2387 -3.805 -3.5255 0.4657 3.636 -0.4255 -4.6728 0.9967 -0.3738 -0.6709 -3.6892 3.2232 2.8071 5.5514 1.9167 -1.4417 -5.4865 3.5443 6.798 -8.2447 -7.404 -5.2253 -3.6806 -4.2134 1.7455 -2.7039 -4.2071 
2.204 0.8723 -4.0407 -2.2366 -1.2025 2.2148 -0.425 -2.692 3.6625 -1.7333 -1.5015 1.5768 -2.898 -0.4822 3.8004 -1.183 0.5386 -2.4979 -3.9783 2.3482 1.0074 3.2538 -5.9067 -1.3511 -1.9608 -5.2245 1.9158 1.1006 2.5063 6.7929 4.5393 -3.8378 0.7243 3.3418 -4.808 -1.1808 -0.0528 4.309 6.3713 -4.3841 
-3.151 -4.464 2.2689 3.1282 2.8849 3.4747 -2.2009 3.7495 -1.8692 -3.6442 -1.2821 -1.2455 -0.9959 -2.6957 -0.0176 -3.4559 -1.5571 -1.5874 3.8256 2.408 2.2595 2.1425 3.9407 -1.1431 0.1176 -0.7413 -4.2789 2.1144 -4.2779 1.1693 1.8397 4.8691 -1.6627 0.304 -1.0958 -2.7656 2.1117 -2.5434 -2.2099 -0.0273 
2.6336 1.131 -4.1588 -2.5965 4.7164 -2.4024 -3.7413 3.8953 -1.1579 -0.4376 0.6943 2.7932 -2.0047 -1.5326 -0.8378 0.2481 2.0791 -1.3973 3.4076 -3.2233 -1.1111 0.8112 -4.5794 3.1218 -0.3224 0.0957 -1.2907 0.1966 -0.6282 2.7567 0.4397 0.6598 -2.753 1.8563 2.6933 3.3084 -3.1522 5.8852 2.6756 -0.219 
-2.5432 -4.2924 -2.6379 2.6155 -2.6021 1.5037 -1.8058 -0.9106 -4.097 0.8754 -1.2853 -1.957 4.8416 -2.7556 -6.3667 3.5543 2.5164 -0.0531 2.7613 4.2899 2.7563 -2.6313 1.8955 -4.6563 1.789 -4.5671 -1.5253 0.0913 -2.6937 -0.9648 -5.3829 -3.2394 5.4888 1.9608 -3.3563 2.7007 1.3472 2.4027 2.998 -0.637 
1.304 -4.0132 -2.2432 1.9067 -1.1358 -1.3532 4.8914 -0.7666 -1.5074 0.6907 0.7912 -2.1428 8.3563 4.0029 -3.7917 0.3948 0.609 -1.347 5.4995 3.8926 -0.2917 -0.956 0.4086 -3.1766 8.9216 1.3892 3.6915 0.2778 -4.2189 5.6833 0.2755 0.061901 3.1407 0.8061 -1.3673 0.4152 -1.2265 0.3347 3.7327 -4.1474 
1.2505 -1.9918 1.3509 1.1957 -2.7778 -0.9021 -2.3393 -0.9285 0.9009 3.1663 2.3271 -7.9716 -4.0905 0.8812 -5.3272 -0.9036 -2.2769 6.1275 2.0418 -0.338 -3.2155 -0.3797 0.2268 -1.9482 1.9803 -1.2355 -4.4418 -1.5491 2.6024 -0.0158 -3.0097 1.9637 7.1065 -2.3811 -5.2004 -1.3932 -1.8371 -1.5586 2.2645 -2.005 
1.2189 -2.6022 -5.1515 1.5344 -2.68 -1.0335 -3.3472 -2.0849 -0.357 1.2696 -0.2446 4.1768 2.9191 1.9292 -0.7142 -0.2835 -6.4251 4.446 -1.8194 -0.8017 0.3014 3.6009 -0.8496 0.8434 -3.2492 -0.3133 -2.246 -2.6518 4.3273 -4.496 -4.8537 1.233 2.5609 -4.2283 1.2636 4.3429 -0.9301 -0.0595 0.6037 -4.4146 
-1.4119 2.1845 1.2903 0.0946 3.857 -0.5106 -1.0036 4.5795 2.9252 4.766 -0.9342 -4.2131 -4.4331 -1.7681 1.923 5.5453 0.2749 2.2916 -0.4372 -0.8506 -4.4634 4.8001 6.2478 -2.7729 -5.4194 -0.0022998 0.8339 -3.3734 -4.7242 3.4474 -5.4014 -3.9151 -0.9893 1.7051 -1.2202 1.1142 2.1664 -0.2607 -1.8284 2.5879 
-3.9517 -1.4616 1.2316 4.0678 0.904 -0.4451 -3.1246 1.3545 1.393 -3.6072 3.6995 -2.0077 2.5761 -2.7138 2.1101 -4.0368 -3.8425 0.6797 4.6081 1.5352 0.6761 -2.039 -0.6671 -0.2718 -0.8883 5.541 5.3556 2.6533 0.8666 -1.8006 2.0512 2.5564 0.7791 -4.3825 0.5693 0.2972 0.4452 5.0508 -5.9909 7.86 
-2.9371 -1.5125 0.0708 1.2126 1.5165 -0.7886 -0.992 -4.855 5.359 -1.4581 -0.2326 -3.5296 -2.7342 -2.9499 -0.2248 -1.3825 -1.1125 -0.5885 0.2477 0.0947 0.6349 -0.3701 -0.2218 4.4027 1.4824 5.1381 2.0953 -0.6497 -3.605 0.172 8.3837 1.1677 1.4564 -0.7152 -2.7073 -1.8998 2.6379 4.6772 -2.0765 -0.2744 
-2.7734 0.8848 1.8929 -0.2705 -0.3523 -4.6622 -1.3689 1.7386 -0.7298 4.2117 0.6635 -4.8707 -5.3307 2.9683 -2.4214 -1.0151 -1.4364 1.0439 0.2124 2.7226 1.9101 -1.0928 0.1285 3.0035 0.8303 -3.8537 1.9193 0.1638 0.2154 -1.865 -0.9508 -4.2238 4.4742 2.5651 0.3138 -1.1488 -3.7066 4.027 -1.8389 7.4814 
2.724 -1.6672 -0.2641 0.7247 -1.3622 -0.2059 1.8319 5.3564 -0.0737 -3.6479 -7.8012 -2.7874 -5.8107 7.2141 -2.1159 -3.2021 -0.338 -0.3452 -0.4943 -3.7516 -4.0595 -4.2806 -1.5922 2.7641 3.556 -2.1768 -0.0475 5.5661 0.4432 4.0777 -0.3776 1.7835 -0.7294 3.5874 -3.5311 -2.1245 -3.1769 1.8109 1.6168 0.3238 
2.9024 -4.5756 4.813 2.5798 -4.2808 0.2755 -1.2446 2.246 -7.1121 -4.6005 -0.4357 -1.5758 5.3848 2.2452 1.1876 -1.4472 0.2995 -0.445 0.3152 -1.0813 0.4419 -1.2453 1.0539 -3.8878 0.181 -0.2218 -2.6143 5.0911 1.9443 2.7467 1.5791 2.1349 -2.0179 -0.8172 1.4876 -2.5825 -0.0368 1.9557 -1.1489 -1.1804 
0.7213 -3.0853 -6.277 -0.0242 -1.2347 -4.5273 -3.0058 3.954 -2.0152 0.9807 2.7779 3.3378 -3.4653 -1.6307 -2.2218 -3.1717 0.2538 2.3131 -2.5754 0.6961 1.0343 -4.6025 1.4677 3.1819 1.4408 2.0229 0.5486 -0.6435 -3.2542 -6.0134 -0.5006 -1.082 2.5968 4.9702 -0.4812 -6.1815 4.0539 -1.2867 0.674 -4.6386 
1.2724 1.9547 1.0755 2.2681 0.428 0.3697 0.7936 -4.7636 1.5462 -0.7204 -1.399 2.3648 -3.2313 -0.6206 -5.5583 3.4937 2.9145 5.8695 -2.9045 6.2753 0.6054 -0.8841 -1.5175 -1.4108 2.5793 0.1433 4.6059 5.6855 2.8278 0.3231 -0.1911 1.4174 2.4048 2.3257 1.6506 1.3429 -3.2937 -3.395 3.174 2.6103 
0.1914 0.8914 2.3939 0.0692 4.8499 -1.8423 0.651 -0.0745 -6.0993 2.1642 0.3284 -1.119 0.7474 2.6189 1.5492 -1.1142 2.5003 1.2861 -2.3397 1.9203 1.4044 -2.3435 -4.8292 -2.9507 2.3032 1.5896 1.9984 1.9888 -3.638 -0.9629 -1.9833 3.2452 5.8969 -3.3736 -0.8697 -4.05 -3.9639 -2.6686 -2.7472 1.539 
-1.8324 -5.8647 0.5327 0.135 3.7067 -0.4629 5.5443 2.7407 4.14 4.4494 -1.972 -6.101 4.0962 -4.5908 1.1335 -2.0252 3.3496 1.327 -2.8722 -1.7379 1.7654 -1.4297 -0.0024002 4.5293 2.1451 -2.5398 3.5493 -4.182 5.8981 -1.1321 3.474 -4.0208 -3.7793 -0.9696 -1.6465 -3.1493 -3.3788 -1.5287 -0.3162 -1.7537 
-4.9504 -0.3075 0.0088001 -5.0913 8.9882 -0.2783 -2.5374 0.0249 -1.5812 1.4698 -7.3939 2.0298 0.936 4.7839 0.2005 6.832 0.0914 0.114 3.0953 -0.5795 0.4439 2.4634 -2.6491 -1.2134 -2.5551 5.48 1.0141 -3.5246 -1.0908 -1.5865 2.4344 3.5345 -3.4377 -2.5467 -0.4963 -3.2885 -5.0969 -3.1761 -5.4872 -2.5885 
-1.0855 -1.3611 3.1136 -4.1321 -3.5997 -1.2775 -4.2674 6.2339 -0.4859 1.3491 0.0335 -0.2099 -5.0853 4.387 -0.1809 -1.6067 -0.8093 -1.7675 -1.3022 -1.7668 0.8437 0.9823 1.7383 4.2997 1.9631 -6.1459 -0.0216 2.4394 4.1092 -3.6808 2.047 0.1667 -6.7567 -1.7452 -4.4264 -9.4515 -0.269 -1.0624 0.7684 3.608 
1.9314 -1.6479 0.3741 1.1141 -2.2033 -0.3916 2.7653 5.9951 0.3585 3.9283 4.1623 -0.6112 -2.431 -1.815 -2.0037 -5.9695 4.1992 -4.8455 2.2842 4.0694 6.3699 -3.1956 -0.7947 -1.3805 1.8733 0.2629 -4.359 0.2921 -1.0364 -2.3712 2.907 -0.2766 -3.0579 -0.336 -6.112 9.5525 2.7136 -0.2325 -2.4821 6.1957 
2.8741 -3.4869 -6.5505 -3.3279 0.3004 -2.6842 -0.1682 4.6868 -1.6149 -0.6269 -0.9504 -5.4679 4.9561 -3.8182 2.6745 -1.2748 -6.0961 1.4016 -6.0345 -4.0671 -3.4024 1.9257 -2.7762 -0.2154 1.7578 -1.5142 0.6131 4.8525 -3.8458 -3.9011 -2.2448 -3.3024 -0.2888 1.5202 3.5467 5.4226 0.6369 0.0973 1.0673 0.8093 
4.7921 4.25 3.741 2.0559 2.7549 -2.894 0.0487 -2.2801 -1.0793 2.9209 -0.3973 -3.9453 -4.9263 0.0354 0.587 -1.5428 -0.8552 0.2864 1.8915 0.9689 -1.4677 -1.4494 1.2294 -3.8576 -1.917 0.8549 -6.3634 -7.6858 -6.0429 -2.4765 -3.7517 -5.3734 0.6414 0.8368 -1.6972 0.3969 0.0574 6.2358 -2.6401 1.5707 
0.4373 6.8086 3.2687 3.3156 4.0695 -2.4318 -0.433 -3.7471 1.1916 1.61 -1.6767 0.1373 0.5921 2.4262 -0.4542 6.2548 -1.6836 -1.1466 4.0824 2.9433 -2.1705 1.5459 -1.7113 -3.5146 -2.9712 2.5831 -6.6691 2.4923 -1.5896 -2.8227 4.5512 0.8181 0.5721 2.3165 2.1464 -2.1671 -1.127 7.0436 -3.4221 0.7917 
50.783 -7.7132 8.3754 15.687 
1.9578 9.7706 8.4571 12.146 0.62568 5.6065 -3.04 12.005 8.706 -14.401 3.6228 5.4202 0.069451 -5.9793 -3.1621 -10.54 -2.1539 4.907 4.9872 1.8879 -2.0037 0.21994 1.4217 17.858 -4.3338 5.2011 -1.1806 -12.902 4.8283 -7.5532 -6.0216 -7.9964 3.2825 21.934 3.3598 
-6.8289 17.392 2.167 -8.8662 -6.5691 -11.207 -2.1055 0.71302 -4.9092 -13.186 1.0831 -3.161 -7.1269 1.8404 -8.6292 -7.356 12.66 -0.34654 1.9438 9.4713 1.4365 5.0244 -2.9511 -2.6972 -5.2023 -11.637 2.3346 13.372 -0.56308 -17.673 10.743 -12.407 2.2625 4.1552 10.505 
-9.2516 -4.2092 1.0445 21.678 -2.7277 -2.5749 -9.7789 10.008 7.1917 -14.063 12.516 -15.782 1.6262 -5.3384 -6.9079 -6.1772 -4.97 2.2542 -14.326 6.3074 -10.856 6.3387 3.2166 8.4477 1.6397 19.747 -8.135 0.4498 -7.2317 9.1324 7.8378 -3.9694 -4.4552 2.7083 3.5048 
0.00072221 0.5083 -6.2843 -13.625 1.7661 12.905 -9.414 5.6979 7.2218 14.278 -5.5516 5.9574 9.6871 4.9258 -6.4449 7.8553 -0.048149 -12.472 9.3618 -1.4856 7.6464 5.9079 5.655 13.852 1.6439 -5.1558 -0.66257 5.8349 11.995 -3.5557 8.505 5.8487 0.78036 0.54662 -2.9805 
-5.4258 7.7871 -6.0537 9.5128 1.6482 6.1959 3.9002 5.5561 -2.5461 14.823 -26.36 10.003 13.589 -9.2504 25.339 -2.3016 -12.109 11.46 -16.724 9.8336 5.8788 8.4521 11.771 -7.6882 8.9891 -14.155 9.1442 5.2923 -10.994 2.5384 2.8518 -10.019 2.0602 12.523 -1.9196 
3.221 -2.3539 -0.4124 3.6982 7.3134 -4.1232 2.1874 -1.4547 -3.9881 2.5363 -5.9945 -0.8749 -4.9624 -0.2165 -2.5845 1.6233 -1.928 -2.9645 -6.2394 -7.659 4.1708 6.3069 0.3456 0.01195 1.0618 4.7815 -0.88385 -0.1287 -2.6469 1.2853 -0.39557 -3.5954 -2.0298 1.732 -4.5893 1.3258 3.9938 0.98318 -1.7409 3.6832 
0.9334 2.6674 -2.8219 -8.1121 -5.9839 -4.4128 4.0812 -0.40152 -1.7781 0.92462 2.4678 -1.3806 -5.2463 0.11875 -3.5621 1.4501 -1.5275 0.0054876 -5.8073 1.4443 2.3177 -2.4278 -3.2754 -5.4616 -1.3591 -4.5438 2.4318 0.014575 -6.0704 -1.0555 1.2781 -5.4622 -1.7228 -5.2724 -0.36745 0.74141 1.5579 3.6075 3.6416 -0.89138 
-1.5078 4.1646 1.6999 -2.909 -4.46 -3.8856 -0.82613 -0.66545 2.132 -0.10532 -4.3281 -1.3044 -0.2412 1.4597 -0.85536 -2.2229 -3.0809 3.8789 2.5656 -0.8387 -1.3138 6.824 -0.29955 -2.0528 -0.90503 -1.764 1.5447 -0.75415 -0.24667 6.1745 -0.9828 1.1994 -3.6843 5.061 2.975 -3.7309 0.04675 0.1973 -0.0015751 0.17146 
-3.0961 -1.3454 1.5988 -1.2352 4.7496 -2.0157 -3.6325 4.183 -1.0678 -2.1818 -1.2013 0.3325 2.5804 -3.137 0.44907 -1.3191 1.9636 5.4936 -2.6864 3.5844 1.1041 3.2952 -1.0443 0.25112 -1.2841 -5.9667 -3.7491 -1.6132 -2.8707 3.3797 2.9115 -2.2507 1.4039 0.018 2.2335 -0.9839 -0.18492 -0.089928 -5.2692 1.855 
0.9691 -3.4403 3.1742 -3.1912 -1.7125 2.0991 8.0015 -3.6214 0.9729 -1.2776 -2.8906 -2.3511 -4.4494 1.7099 5.3072 0.9074 0.9222 -0.6393 -2.5237 -1.5897 9.8286 -3.4487 -4.4359 2.0519 0.8391 1.6067 0.3285 -2.8517 1.1084 3.3232 -2.236 1.7325 4.1281 -1.2738 0.4766 0.7186 -3.0445 -1.7289 -2.5726 2.7416 
-6.1813 -7.1291 5.6717 -2.4063 2.6708 -1.0041 5.457 -2.2506 4.2003 0.8198 -1.4901 0.634 -4.8417 -1.9974 -5.1869 -1.4754 -1.8434 0.635 -0.3989 -0.4584 2.8758 0.4507 3.9514 3.9027 -5.3805 -0.7428 2.6789 -0.9061 -0.6882 3.7319 -2.6254 -0.2779 -1.7036 -2.8845 1.2141 1.3242 0.9711 -4.5794 -1.0437 4.6578 
2.8183 -4.3057 0.7791 -1.9837 -0.5931 4.1889 3.9812 3.2619 -3.4927 4.0817 -0.4557 -0.2638 4.4916 1.9304 2.907 -1.6624 -2.5389 -0.8735 -1.9727 0.7839 0.3436 -5.2541 3.456 2.37 -0.7974 -3.8329 -2.6007 -5.2487 -4.6126 0.1088 2.3002 -1.4346 4.3049 -3.0496 7.8802 1.7262 -7.235 -3.6356 -4.6781 -1.8511 
5.6734 2.5963 1.2271 1.7604 -1.3683 -3.4144 1.2423 -3.7372 -0.5234 -3.8415 0.6133 1.0286 1.3 1.4666 -4.1125 -6.1078 4.6388 1.506 -0.3277 0.5453 -0.5271 -0.6204 -2.0801 1.9051 1.4824 -2.2719 -2.5706 -0.5886 2.6576 -2.5675 -2.4556 -4.004 1.323 0.2359 -3.9408 3.9558 2.3359 -2.6297 2.1402 -1.3725 
0.1428 0.2147 -0.7628 1.3668 -1.4677 2.2957 -1.272 4.6154 -2.0483 -0.3484 1.7197 -1.9914 1.4582 0.4047 1.978 0.9438 2.3968 -1.1274 -5.9668 1.9904 -2.8737 2.3478 -0.8694 1.5933 1.6627 -2.8559 4.9243 2.2088 -3.1276 0.1857 -3.4886 0.9242 0.8617 1.8499 -6.423 0.4177 7.9063 0.2885 -2.5307 0.6954 
2.9078 1.2146 -2.3131 1.3043 1.4853 0.2315 -3.3427 2.8174 -0.1301 -0.7346 -0.2901 5.924 0.24 -0.3034 -0.4099 -3.4688 0.501 -1.4327 -1.8431 2.1941 0.3251 3.0617 -4.2835 2.08 -0.1437 0.0247 -4.4256 -1.3925 0.2375 -2.0322 -5.2271 -2.6962 -4.8368 -3.6675 -2.202 -1.8588 -0.6839 0.9512 -0.7765 -0.5192 
-0.6764 -2.355 -3.1649 4.075 -3.1862 -0.9516 7.7502 -3.8212 3.7487 -1.5226 3.1201 1.0728 1.9196 -4.2059 -0.0412 1.4357 -0.3028 3.2476 -6.8546 5.1992 1.8278 -3.6042 -2.277 1.0086 4.0572 2.4684 2.1596 1.8772 3.9024 0.7213 -5.4838 0.6856 2.9132 -3.7301 -0.8371 0.495 -4.9135 -0.1818 2.2259 5.6836 
-1.1532 -8.4593 2.2114 -2.1974 -0.5099 -7.0268 3.9919 1.8488 -0.8446 -1.7498 -1.5514 -3.9137 0.0551 -1.985 0.6488 -6.5288 0.1893 -4.8809 5.0809 -0.4506 0.1894 1.9607 6.2516 -4.5588 5.6338 -5.1252 -4.5255 4.7255 0.3714 -0.5119 -0.5727 2.5027 2.3129 -2.8671 3.9213 3.0433 -3.504 -2.7018 -1.5761 -1.2371 
-0.5041 5.9031 2.7259 0.059401 -1.982 2.3221 -2.9803 0.4301 1.1038 -5.139 0.6091 1.2859 -0.3377 -2.0888 0.4226 -1.1728 -2.6881 2.2812 1.2138 3.5576 1.9969 0.9734 -1.4791 0.2868 -3.062 -3.3305 -0.3822 -3.5421 4.1576 3.2873 -1.5521 1.4554 1.2473 0.3797 -0.2876 1.9189 -1.8911 2.2547 0.1413 1.5734 
-1.9906 -2.8884 1.0416 5.8178 1.9006 -3.7615 0.0333 4.1211 3.2009 0.3608 -2.4959 -4.4451 -4.5462 -2.05 1.4127 -2.627 -2.7563 -9.4451 -2.8854 -2.5507 -1.1085 -1.1275 -0.676 3.2426 -8.2011 -1.5067 3.0758 1.3817 -4.6135 2.4604 0.95 -0.8703 -4.0396 2.461 3.853 1.213 3.0186 3.1157 -2.4775 -2.4326 
2.5301 5.3434 -3.0515 -4.5684 6.261 -4.2412 0.1662 0.9575 0.9202 2.0803 3.1339 1.6202 1.2738 6.5155 -0.9316 5.0679 7.3509 1.9961 -4.896 0.2176 -5.893 -3.5064 0.7902 2.2989 -0.5108 -0.8953 -0.00080012 3.5816 -3.4586 0.5715 4.0191 4.4417 1.7665 1.3349 -3.4149 2.8101 -2.2167 -4.7933 3.2153 4.7939 
-4.5957 0.2472 -2.1894 -0.6885 0.9589 -1.5366 0.7653 2.1029 -5.3336 2.3969 6.0335 0.0055 -8.459 -0.4864 0.6812 0.5856 -4.2953 2.3734 -0.3815 2.8762 -1.0868 -2.7572 -2.7485 -0.8559 0.5042 -3.3824 0.1076 -1.4459 -5.2871 1.7609 0.0246 -3.9433 -2.1187 1.9597 -1.6984 3.3305 -3.2944 1.84 1.172 0.072 
-1.2389 0.5665 -1.1862 0.6388 2.3255 0.3932 1.577 -5.6658 1.9631 3.7569 -3.6207 -1.8247 -0.0703 -5.5032 1.7134 -3.7738 -0.2925 -3.7387 -3.9274 -0.5062 -2.4192 1.8265 1.0954 2.0979 5.1341 0.358 -6.6144 -4.7858 -0.9439 4.7511 0.5393 -1.0114 -1.323 -0.8478 3.4087 -0.4592 0.551 -4.12 -3.7215 0.9491 
4.8591 -5.6831 0.2506 -2.9289 -5.7523 -6.4207 -1.8855 -3.0596 2.6696 1.609 3.6153 5.2578 3.2633 2.35 -5.7804 -3.0184 -1.1656 4.93 4.5883 0.0601 1.5426 0.1812 -1.1896 0.7822 -6.203 -3.4817 -3.7449 -0.1109 -2.8177 -6.1674 2.2284 -4.2173 2.2595 -3.0169 0.9587 -4.8171 0.1048 2.9423 -4.3567 1.3113 
0.5252 2.2159 0.1995 5.2927 -2.8427 1.1795 3.9006 -0.3028 5.5232 -0.5557 3.5273 0.4256 -0.3891 -3.595 4.7345 -0.4411 7.1917 2.1159 4.7149 0.0781 -4.0361 -2.1331 -1.8646 -1.6516 -1.1589 -4.3633 -1.3028 1.9449 -3.1927 5.5515 3.0208 0.3724 0.5264 3.1661 1.7031 -0.5629 -5.3178 2.777 -1.2038 0.0994 
2.5456 -2.2595 -5.8117 -3.8925 -8.1332 4.2745 -8.5223 1.3695 -2.6303 -0.6332 0.7976 -4.3446 1.4884 5.388 -2.3523 2.9233 2.3769 -3.7771 0.4622 0.2015 -3.8546 4.9271 -3.8641 2.6051 0.1594 1.2492 2.7504 1.2926 0.6194 3.8174 -2.8406 -9.3476 -4.3287 -3.5097 0.7074 -1.2275 0.3798 -0.6127 -3.7391 -2.3021 
-2.3557 1.0568 2.2469 0.8659 -1.3994 0.5332 0.3191 -2.6395 2.0885 3.5659 -0.1224 1.5036 -0.556 1.8754 1.1921 3.1226 3.0969 -0.7743 1.0756 -0.1145 3.0838 2.5153 0.2 0.3944 2.8071 0.6139 1.2249 -1.2661 -4.6192 -8.204 4.6397 -1.5169 4.4489 3.0509 1.2329 -5.3743 -1.2102 0.1122 3.2915 -0.7012 
-0.714 -2.7514 4.5742 -0.2097 2.5992 -5.8755 4.4729 -2.8169 0.4564 -4.9292 1.0348 1.2922 2.3383 2.3749 1.8994 -1.8518 0.1208 2.415 -2.5596 -6.2366 6.8018 -1.4731 -3.5632 -2.0627 -0.4943 -1.6681 -1.6133 2.7327 -2.1367 -0.7293 -1.0728 -1.9544 0.8642 -2.8073 -2.4788 4.2945 -0.0236 6.1694 -1.9632 2.7179 
-3.6294 1.5229 -3.1084 1.5426 -2.3595 -1.5042 -0.374 -3.3605 1.6048 -0.9404 -2.024 -5.3763 4.2961 -4.7995 -0.6185 -5.2321 -4.1915 -0.6062 2.2204 6.6441 1.6053 -6.706 -1.2427 3.0157 -4.0399 5.7879 3.1328 0.7886 -1.6184 -3.7582 1.8157 2.8987 6.1091 1.5393 0.6729 3.0419 -0.5702 5.8447 1.0367 -2.1821 
2.3139 -4.098 6.2223 4.0624 -2.6311 3.1581 -3.7063 -0.9872 -2.2985 5.1113 1.0466 -0.5675 5.8567 3.7232 -0.9321 0.9349 -1.3287 -0.7881 -4.0495 1.7518 -2.5352 -2.8338 -0.5553 -2.3545 -2.118 1.9816 -2.2841 -2.9281 -1.2269 2.2641 -8.4994 -1.8925 -3.8285 -0.2805 -3.2397 0.1094 3.7873 -4.0951 -3.0909 0.0214 
1.7764 0.6632 -0.2614 0.3947 -6.0308 -0.0728 -0.516 0.7158 -2.2691 5.7961 -4.0491 -2.2655 2.799 -2.7457 0.2342 3.7709 1.7845 2.144 -2.2474 6.5624 0.3653 0.5582 -1.1016 2.4449 -2.9306 -2.446 -3.2136 1.0036 2.995 -3.0024 0.4126 1.919 -5.1084 3.6434 -2.8138 -2.7576 3.946 0.4972 4.1182 -3.3995 
3.6898 4.2839 5.633 -3.271 4.7514 -0.1256 -0.4011 0.3296 2.2138 0.2488 0.1134 0.0427 2.8952 1.4508 2.2536 -3.2211 -1.4785 1.9626 -1.8351 8.6347 2.553 1.3628 3.095 -5.0768 2.4208 -0.9676 -0.9008 -1.0225 2.5592 -1.1233 1.9372 2.0508 2.0099 -2.9624 -3.9142 1.3922 2.687 3.5091 1.4449 0.6594 
-5.465 2.5801 5.2576 -1.0797 5.2927 1.0526 -1.6756 2.2254 4.9243 -5.8583 -2.9963 -4.2931 1.1207 2.187 -4.3456 -1.4474 -4.6852 -1.7425 3.2486 2.2581 -2.991 2.6644 -0.1228 5.1259 6.2273 3.6044 1.6553 3.9257 2.4038 -1.529 -2.4415 2.7346 -0.0856 1.7724 -0.1219 -5.9304 2.0645 1.5577 -3.1186 0.3821 
3.4418 -1.1013 -1.5544 3.19 -0.1427 -4.3765 -4.9654 -2.3145 1.86 -1.7615 8.0724 0.1079 7.7276 1.7111 2.3196 -1.4437 5.7915 1.1691 0.4862 -0.4691 -0.3791 1.9652 2.4567 5.7243 1.8255 1.381 -1.876 2.9464 -3.7148 0.5909 1.0611 2.8784 -0.4442 2.5707 -3.8798 -2.4398 4.0474 1.1423 -1.7344 -4.9621 
3.6795 4.8759 -3.4526 1.6223 -2.5073 -4.4702 0.6495 2.9859 0.0388 2.3534 -0.9571 1.804 -2.4445 2.3908 -0.8899 1.5367 -0.8866 -2 -1.8556 -1.2306 2.2657 -1.2265 1.8246 -0.8273 2.2034 4.7004 -7.2806 -2.6728 1.5834 2.9809 -6.6502 -2.044 4.3862 -2.4551 0.4072 0.0446 -6.128 1.7672 -1.011 4.8711 
1.2707 2.8694 -2.0798 0.8124 1.4726 -0.5901 -0.6388 0.26 0.8006 2.8775 1.8295 -0.6282 -0.6941 -3.7322 0.1664 -1.0479 -0.0946 1.2484 -0.7783 1.111 -2.1976 3.4946 -1.7135 -3.8741 -4.3064 1.6814 -1.1942 -2.057 -1.5924 -2.4116 -1.1205 -4.6717 -2.244 -2.0819 -3.2012 4.1159 4.1 6.2612 -2.9845 1.0469 
-1.1767 -3.8716 -0.5806 3.5284 -2.6088 -4.295 -4.6163 -3.6349 4.2587 3.6553 -4.4094 7.3521 -0.6199 -1.4986 3.1933 -4.5265 -2.1141 -1.3069 2.6255 -2.3915 -5.9574 -3.316 -0.609 3.0868 -4.9648 0.6938 1.7388 3.2155 1.9723 2.0255 1.7895 -4.3567 -3.9495 -1.6093 -1.0932 2.9319 3.9233 -7.5485 5.4478 2.1645 
-3.3978 3.9903 -0.9104 3.9429 0.6746 2.6837 2.9182 2.232 -2.4339 1.0084 5.8899 -1.0984 -1.5726 2.1638 0.7841 -4.6846 -2.4113 7.2396 0.7102 0.0291 -3.7539 -2.5704 3.5169 -0.3942 -4.3542 3.1328 6.6616 -0.7924 4.8553 3.3221 -6.5075 2.1977 -2.5864 -0.3659 2.2266 2.7812 -3.6562 -0.122 4.7277 -3.9011 
-3.7792 4.3591 -1.4376 -4.9507 2.66 0.1805 2.8303 1.2503 3.8968 6.7893 0.9764 -5.0371 -1.7821 0.7159 3.1187 -2.9742 -1.9227 0.8482 3.5098 -0.342 7.4775 -2.6276 -2.1025 3.7773 -1.2654 3.3853 -0.6312 0.5036 -7.4285 -4.4297 -2.4943 0.9258 1.7331 1.8321 -0.3287 2.1521 -0.6765 -1.844 -1.5534 -0.4618 
1.9359 4.0252 -2.4586 3.861 1.3452 -0.9164 5.2597 1.9854 1.6005 -1.8018 -3.5739 0.0542 1.712 -1.6212 2.3453 1.2324 -2.2377 -1.3306 -4.8238 0.771 0.4487 1.5852 4.098 -0.7699 3.0183 -3.1087 2.7892 0.7558 0.9586 0.794 -0.7267 -1.2993 0.7446 -3.1041 -1.8721 -0.831 0.4518 -0.9472 -0.6925 2.7099 
-1.4083 7.1072 -2.1409 -3.5723 3.1462 6.8446 -2.4317 2.2785 -3.9 -4.0562 5.6377 2.54 -0.989 3.5638 1.8371 -3.8255 2.4171 3.1655 -1.8715 6.5514 0.6872 2.9221 -1.1111 0.5894 -4.4002 -5.5055 3.1835 -1.9572 5.3913 -1.7788 -2.4783 -4.6827 -0.7364 -5.0169 4.916 1.6908 -1.9893 2.0626 0.7585 -0.601 
2.6147 -51.936 -32.294 22.668 
12.632 -9.1041 4.4959 -7.5582 -3.3406 9.6819 -9.1773 13.078 4.5759 6.1909 6.8034 4.4609 -5.0878 0.95823 -2.2685 4.151 7.0666 -9.5168 14.949 -10.134 -1.9915 5.8735 -8.6939 1.1181 -9.4072 -8.034 7.2944 -4.0806 2.8674 -2.1553 0.34639 6.0242 5.2572 0.90115 -1.289 
-12.157 -4.3966 -1.1981 8.0236 -2.3664 1.58 -3.9515 -16.961 5.3928 -9.916 11.511 -8.0115 10.086 -0.25117 -1.5044 -0.41711 -13.928 -16.688 -8.3126 -6.8291 -3.4567 6.5763 5.0147 3.3898 -9.0762 3.0476 -2.1064 16.901 7.3832 1.9501 3.3647 4.6145 3.5671 -5.1439 -10.534 
19.388 -18.179 -1.0848 -1.9277 6.9087 4.7971 -5.8959 -2.2305 1.6178 3.7977 2.0898 -4.0678 -3.9602 -5.1115 -6.6043 3.7018 -13.559 3.9091 -4.3824 10.531 7.6434 -0.44776 1.1632 -25.944 -4.2642 -4.2631 2.3775 0.49836 -4.0793 9.1114 2.3047 3.3678 -13.891 -3.6745 1.6536 
14.92 -4.2115 1.8483 5.8247 3.2571 10.411 2.7921 -2.9107 1.5892 0.16871 -6.7247 -11.84 -8.4716 -9.4172 2.7096 -12.815 -0.47934 -3.0548 -18.386 10.993 3.3365 -11.471 -7.5312 -13.04 16.649 11.182 2.4303 0.062 5.2232 -1.0824 -11.743 -8.5838 1.2439 12.794 6.5971 
