3.563 -12.101 5.9634 3.8176 -1.002 -10.208 2.7293 -6.6686 -22.603 -29.024 -10.721 24.1 -14.455 4.3139 -2.8467 15.032 6.6628 -10.8 7.381 -9.9224 -3.0736 19.439 7.7074 -14.958 4.5704 -5.0079 -37.204 -5.1685 7.9334 18.322 -4.0014 -16.864 15.318 -1.7432 2.272 
-3.3862 -4.9734 -2.6254 -4.9828 0.74891 -0.6756 -2.5194 2.8541 -0.85285 -2.5035 -1.9297 -1.1569 -1.2378 -2.2937 3.4126 0.074275 -2.7472 1.5541 3.8048 -5.6993 2.2225 0.071488 -0.024 -3.7474 -1.6774 1.2875 3.0638 2.0781 0.032056 -0.4984 -0.52642 5.7937 -2.2277 -1.2888 0.12237 0.429 -0.35521 4.7665 -3.5959 7.6131 
-1.5265 1.2481 3.2724 -6.0442 2.6853 2.5522 -3.048 5.7188 1.0961 -5.3446 2.8432 -1.1996 3.482 -0.59798 5.5538 -4.2499 -0.30942 4.6334 -2.4797 -2.4798 -1.8819 -2.2713 1.5586 2.591 -0.57326 3.3948 2.631 0.053375 2.1699 4.4143 -0.36151 -3.4195 -0.35375 -0.89968 -2.3919 0.43318 -1.6281 2.7886 -0.23443 -2.3998 
4.1748 -2.369 -4.399 -5.6167 -6.6349 -2.0582 2.1277 -0.09765 3.351 1.0302 0.1374 1.7792 -1.2677 -2.1119 1.604 -4.1391 1.8065 -4.6257 -2.7177 -1.2394 -3.803 -1.4851 -0.70977 -1.0252 -0.017537 1.459 4.4841 0.023088 0.43696 0.57609 2.0806 -5.2028 3.0767 0.20476 5.4422 6.2873 0.49974 4.4251 2.9158 1.9097 
-0.92221 0.71621 1.3743 -6.9552 -1.7261 1.7927 -2.1671 3.8293 -0.71851 -9.1849 -1.4769 2.0163 1.3127 5.1039 -3.2168 0.21033 -0.83445 1.4377 -1.5442 -0.17747 3.2839 -2.6779 -0.57017 2.1615 -2.1453 -1.1626 -2.3438 0.36806 -5.8959 -2.5615 0.6408 1.9575 6.2238 -3.6274 6.0399 -2.7934 5.3388 -2.6348 -3.5721 1.8663 
2.8373 2.6963 1.6395 0.2637 0.285 -1.2202 -0.9027 -0.7787 -1.4447 1.0916 -0.3735 -6.763 -5.3194 -1.7233 -0.881 -0.2811 -4.088 -6.1761 -2.9279 2.5121 5.6344 -1.3191 4.803 -2.0269 -1.0445 2.7553 0.2085 -3.1153 1.3538 3.0261 -1.1791 2.3835 0.8082 8.7091 -5.3846 -1.7451 -3.7439 -1.294 1.5122 -1.5359 
1.6752 -2.0667 1.4823 -3.438 2.4833 -1.2649 -3.834 -0.6954 -2.9288 -2.0832 2.8813 1.848 -4.4292 -1.0942 2.1298 1.0373 0.35 -1.5618 -5.2901 -1.5957 -5.8587 -1.2893 1.6264 -7.6829 1.4502 -3.3425 -1.9462 1.7583 -6.2616 3.0537 -1.6147 -7.4907 3.9322 -5.0025 0.5254 -0.2389 -5.0439 -1.2295 -3.2038 0.5668 
-1.2654 1.141 -3.4908 -0.6618 1.5596 1.3223 1.8475 -6.4305 -0.9988 2.1275 7.8444 4.6526 2.9263 -1.8084 -3.9407 1.3714 -1.7442 2.7925 -7.0274 -0.8085 -2.0664 -0.4972 0.6324 -2.2128 5.0848 -0.6418 -2.7959 -1.9527 2.6051 0.1024 1.3408 -5.5767 -1.6145 -1.9336 -1.9089 5.3693 -4.8392 -5.9573 -4.9931 1.0142 
0.3074 4.8569 -5.1251 -0.1592 1.5534 -3.4611 2.5365 2.3518 0.7067 -2.1017 -1.4445 1.0575 11.678 1.5951 4.7197 -2.7459 -1.4456 0.1738 5.4316 1.3077 0.2644 -1.5923 7.8951 -3.046 -3.8479 -1.5598 3.2805 1.8382 -8.6312 5.1613 -1.735 3.4934 -3.0342 -0.8017 -0.8659 3.5983 0.5583 -3.7042 1.4112 -0.3129 
2.9817 4.2303 -2.2032 1.7018 -1.1251 0.4185 -0.7547 -1.4994 -1.2278 -4.0386 -1.5333 -5.5737 -4.5116 -1.4224 3.4342 0.5261 -2.7861 -5.5366 0.6852 4.4444 1.1593 2.4529 -6.7348 1.725 -0.4111 -7.9148 6.1998 -2.5538 1.4364 -0.2912 5.7325 5.2832 -3.097 -0.666 -5.5144 -2.9138 1.6083 -1.7451 -0.7435 -1.5947 
0.1783 0.1792 -1.6969 0.3281 -2.5792 2.6595 -3.4467 3.8575 -6.6203 7.4958 -1.2908 1.424 -1.1003 -8.6203 2.504 -2.7589 7.2063 -6.7044 -1.3176 2.7956 0.4689 -1.0488 -0.7162 2.2459 1.2632 0.7965 0.6634 -2.4703 5.0516 4.5842 -8.3768 -0.0556 3.6026 1.2372 -2.0778 5.4201 -2.9519 -2.2453 0.9932 3.1826 
1.1437 -5.0745 -5.4329 -2.2186 -2.1907 -4.3493 -4.875 -0.4193 -1.9768 2.5803 3.5338 3.7594 2.4336 -6.2063 -5.6474 -1.2922 -2.8106 1.7822 -0.1933 -7.427 2.6296 5.9491 -3.7826 0.0064 -3.0455 -2.2705 1.7716 0.3482 -2.3834 0.2624 0.3029 1.8502 -3.6465 0.4931 0.1986 1.0341 -1.6917 -2.2533 2.9266 -1.9047 
2.7237 -3.5614 -0.2513 5.5145 5.9113 -0.3235 0.3525 1.6957 2.3919 2.8242 -4.6371 -4.8064 0.0204 -3.1716 -1.615 -5.1481 -0.5479 0.8806 -0.9896 0.7274 -6.4636 6.1114 -3.3352 2.609 -0.3385 -4.1896 -3.4969 -0.1425 -2.0829 0.8549 2.851 3.5041 5.8376 1.3598 1.4678 -1.4121 2.5875 1.1224 -2.5871 -3.4595 
2.4286 3.8318 5.4833 0.874 -0.2846 -4.6197 -0.6779 2.6426 3.4112 -2.0404 -0.2368 6.4246 0.659 1.841 7.8658 -3.6453 1.8774 1.2119 2.5424 1.1088 2.8509 1.7175 1.5821 -5.0615 3.9995 2.7099 0.3566 -2.8919 -0.3972 -1.4293 2.7705 0.8031 -4.2387 -3.0118 -0.366 1.53 6.0138 -0.1464 -1.5459 -3.6478 
-2.0974 5.2707 0.721 3.8358 -1.6476 -3.8222 -0.0487 0.7651 -1.5423 -1.0685 0.4835 -2.8953 0.9852 5.5492 -0.1127 -3.2535 4.149 -0.3815 2.4831 -2.05 3.1084 -3.0277 3.5903 -0.4691 -3.1273 -9.1637 7.6529 -4.0162 2.8382 -0.316 -0.9793 4.0612 -2.1268 -2.1167 -3.5288 -0.9272 2.2327 1.3618 2.5169 -3.9236 
-0.5492 -0.14 -5.6662 3.2243 0.2234 3.7644 -1.4212 -1.6814 2.3591 4.1263 -0.5576 2.3892 8.4467 -0.7603 -2.9273 6.9793 -0.2603 0.0527 -1.2927 -0.6076 5.5878 0.5865 -0.6178 -0.5712 -3.0225 1.4595 -2.3336 2.0092 2.6576 6.7891 -1.1118 -6.6393 0.9598 0.1658 -3.3054 0.4894 0.0878 2.1078 -3.9852 -3.4309 
-4.5803 2.1936 -2.2113 1.05 1.975 -0.9241 -2.005 2.8764 5.436 -4.1917 -3.5768 -1.1536 -1.4153 -7.4823 -6.3547 2.4906 6.1449 4.7158 0.3351 -5.1492 5.1066 4.8864 -1.6667 1.4454 3.8874 0.6949 -3.4511 2.3703 -0.291 -1.3343 1.8917 -1.4335 -4.0922 -1.7029 0.4647 5.7666 -0.3783 1.7822 0.7504 2.0849 
0.06 3.5532 4.9542 -1.452 -4.0473 -4.0416 -3.9423 -0.4345 4.961 4.3913 -2.1519 -2.0799 4.0227 -3.6396 -3.9505 -2.9633 -4.0346 2.0934 1.209 -1.2166 -0.2247 -0.5291 0.1807 5.1519 -7.1297 -4.8635 -2.9792 2.0629 -1.1083 2.1491 -2.0236 1.9482 3.5514 1.1056 -3.6771 -0.1314 4.1742 -1.3034 4.1482 -0.4956 
4.7022 0.9933 4.5794 1.8045 -2.5422 0.1399 5.8393 -0.2706 -2.4455 7.8675 0.305 4.8829 -2.4056 -1.0491 0.568 -1.7602 1.3795 0.4588 2.1107 3.7984 -1.799 -0.9579 -2.8993 -1.6886 -2.4641 -2.1762 -5.4648 -2.2209 -3.2734 1.4895 2.3357 -4.3501 0.9088 -4.2478 2.2696 3.3638 -2.0967 -0.5671 -5.7318 -5.7601 
2.1683 -2.71 0.7506 1.2919 -2.3302 0.1684 1.5385 3.1695 -1.3098 2.4732 -1.3277 0.8382 -0.7522 -3.6834 6.0114 3.0027 -1.9947 2.1889 1.2088 -1.0134 -2.1122 3.6534 3.4044 -4.1209 -0.2012 0.6391 5.817 4.7781 0.9826 7.044 1.1492 -8.167 -5.9552 0.4999 -2.0554 -0.9251 4.664 -3.3969 3.9177 2.9308 
3.2048 2.4173 1.528 -2.4911 7.8186 -0.8824 0.2888 5.8359 8.2516 2.0888 -2.9132 1.1485 0.7413 -1.6747 -5.8514 -3.0725 2.6193 -1.4864 -1.8413 -1.3616 -0.9634 -1.9022 3.4951 1.0771 2.6979 -2.8453 0.746 -7.6671 -0.0032 -5.7031 -4.0433 5.7578 5.8572 8.0518 1.8727 -0.3614 2.9221 -3.9469 -4.8818 -2.8411 
1.4527 -1.3078 1.8774 -10.094 2.7585 -3.6559 3.1335 0.2337 1.0126 -2.1264 0.5942 0.1167 -0.0052001 -6.1142 -2.148 -1.5316 -2.0563 1.3242 4.0364 6.9765 -0.0836 3.0329 3.4891 -2.8799 3.1511 0.0019004 -0.1241 2.793 -0.0571 1.4183 -2.9288 -0.3238 7.1756 -3.1724 -1.613 -3.9428 -5.8163 -0.8808 -6.31 -4.0318 
-5.7308 1.7589 0.9632 5.0929 -8.9889 -0.491 3.866 -1.9537 -3.9854 -5.9941 -3.6553 -1.1721 -3.0476 1.3086 -8.4485 -1.2832 3.811 1.5262 0.5623 0.9132 -1.9398 -3.6446 -3.8681 4.6765 0.7391 0.0339 0.6564 5.9783 1.4795 -8.8634 -4.9323 -1.7359 5.3139 0.1755 2.3047 -0.4408 1.9045 -3.6544 -5.3173 0.1991 
-0.9054 1.6605 -0.5955 -2.9921 0.5594 -3.7324 1.3216 4.8953 -2.4419 0.0495 1.9065 -4.7121 -3.5156 -0.672 -2.4662 1.2645 0.1936 3.044 -5.115 0.3134 2.9291 -0.1552 1.909 -0.6704 -3.8339 2.9383 -0.3965 -1.3689 2.7672 3.1331 -0.9449 2.8457 1.6015 -2.0632 -2.0166 4.6952 0.1763 0.5576 2.3422 -5.7819 
7.017 5.7884 -1.578 -1.4371 -0.0699 0.4972 0.7455 -0.7961 1.3876 -0.3058 6.3014 4.3502 -6.8677 -1.4095 -0.0744 -2.0656 -0.3347 1.6455 9.1888 0.842 4.5211 -0.4873 0.4534 -1.371 0.604 -2.4557 5.8532 3.6749 -2.1033 -0.1374 -1.3533 -1.0363 -0.4126 4.8314 -2.4628 -0.5381 0.5683 4.0725 3.0523 -0.1782 
4.1028 4.795 4.4115 -3.9666 -7.4655 0.0423 3.3727 -0.0351 2.1343 9.7346 3.9424 3.7896 -8.2821 2.0576 -6.1122 2.0663 13.074 5.9532 -2.0437 0.1571 -5.6175 -3.2789 0.8259 1.4677 5.1703 1.5825 -0.9252 -1.3798 1.5185 2.1154 -0.8066 2.3932 -4.2734 -0.6613 -0.984 -2.5357 0.6512 0.8639 -6.0168 -8.7324 
4.1068 -0.0462 -1.1096 -1.5343 8.0604 -1.0528 -4.658 1.1674 -1.0978 0.4891 -0.933 6.1966 -3.1232 2.4772 -4.1591 6.3074 -2.8996 5.8309 4.4356 5.0163 3.3886 -4.4362 -1.6279 5.6745 -5.4992 0.2142 -2.9959 -5.2517 1.3189 -0.0528 3.0485 0.8718 -1.9407 -7.3769 0.4641 -5.6565 -1.055 -5.2771 0.7683 0.3446 
-2.8665 -0.7842 -2.0009 -3.3009 0.2206 -3.2788 0.9164 -2.1214 3.5861 -3.9553 -3.4061 -0.4291 0.7449 0.2283 3.2527 -1.656 -1.5153 -3.3091 4.6664 -9.5234 3.0802 -3.3719 -2.8084 -1.385 -4.5774 0.621 7.5784 -3.6904 -0.948 5.093 0.8849 1.3668 1.4309 -4.5327 -0.2641 2.1075 3.963 -3.6527 -1.9534 -7.4887 
-0.0807 -0.2104 -1.4731 -2.3445 6.1209 3.3768 -2.4924 1.4768 7.0322 1.5048 1.9151 0.2895 0.1449 5.8488 -2.7313 -0.0513 0.2396 -1.0219 -6.9195 8.7063 -8.0772 0.9856 -2.7673 -0.0879 3.0467 -3.1579 -1.0309 1.0538 -0.3351 0.5554 -3.3778 -1.8895 0.2759 -0.4698 0.4354 8.6635 -0.9445 -4.7458 2.8026 -1.1332 
6.873 3.8267 -1.2165 -0.8179 -3.7783 1.7603 2.231 -0.1327 4.4564 7.7026 1.1828 -1.0986 -4.5438 -2.6614 5.3561 -1.0478 -9.4089 -2.6788 5.5152 -4.6232 0.4344 -5.0615 -4.8017 2.8355 6.4003 -1.8977 1.5517 -1.4221 -5.6038 -1.9876 -2.1384 1.001 3.9571 4.9441 -7.23 -1.791 0.0207 0.5958 -5.3633 -0.4253 
4.4175 -5.8234 0.2509 3.471 -4.1443 -0.188 -3.7628 5.117 -0.0567 0.4466 -2.6013 2.7279 2.3136 0.8982 1.1959 3.5851 4.7966 -4.0716 2.5137 -0.3771 3.9616 1.6664 0.5895 3.24 -2.6347 2.6802 0.6495 -5.2227 -5.3882 -5.5791 3.5008 -1.6013 0.7809 1.4767 0.9718 6.0876 -0.4602 2.8722 2.1009 -0.0417 
0.8969 5.3028 -0.9096 4.2637 -2.9318 4.2973 -1.3332 6.0488 -1.58 -2.7613 -0.5873 0.8746 1.5096 -1.765 -7.4146 -4.1638 -5.2626 -4.02 -3.4378 -2.467 -6.4377 4.9845 4.421 1.4648 -0.6437 -0.4428 1.1927 0.6274 -6.6025 -4.5475 0.8865 -3.6819 -2.5788 2.3737 -5.2912 -2.041 0.4053 -2.7511 4.4545 -1.5487 
1.486 -0.539 2.9428 4.6986 1.729 -4.6177 -4.6072 -5.4414 -4.4425 4.4073 5.2346 3.369 -4.6382 2.8728 -6.8122 4.1442 -5.0849 6.0927 -5.6622 -1.9454 -3.1548 1.4325 0.0259 -2.0754 2.2082 -0.7423 -2.0732 -2.1665 0.7756 0.5113 2.3899 -4.3581 5.4666 0.9701 -5.0195 2.9352 4.7212 -5.2962 3.8047 0.8566 
-0.4485 4.7125 -5.8595 1.5588 -4.4292 0.479 -4.7265 -5.084 -2.6752 1.3815 -5.9021 5.8611 -2.3101 -1.7171 3.2947 -6.391 3.164 -2.3428 -2.4603 -5.7159 -0.582 0.8852 1.8037 -0.5963 1.8755 1.8126 4.7579 -0.3142 1.4327 -0.5294 0.3856 1.4741 1.2051 5.9238 2.4067 -1.7556 1.3338 -0.0417 0.1183 0.6198 
3.079 -2.9896 1.9 -3.1948 -1.1274 2.2263 0.2274 -0.9707 -0.0262 -1.3975 -4.4437 3.5418 3.0542 -0.6419 -1.4417 3.6564 -2.5341 0.8984 5.1315 -2.3026 -1.0668 3.8236 -4.8025 -2.9348 2.4263 -0.3245 -5.067 -5.8128 4.0205 -2.1172 7.0499 -3.6392 -4.466 -4.5192 -5.9161 1.1437 -0.4009 5.2438 1.2166 1.6024 
0.5376 -1.899 2.6373 0.6386 1.4401 4.242 -1.8514 -3.1789 2.4788 4.4788 -0.908 -2.7744 7.7754 -0.1766 -0.3374 -0.268 0.1661 0.3962 2.1246 3.0328 -4.0002 6.9018 2.3367 3.7669 -7.7968 -0.9058 1.013 4.3124 -3.1887 -0.3082 2.697 -2.4824 1.4431 1.0022 3.8972 -1.0457 -2.1394 -3.3993 5.8115 -0.2549 
36.259 17.827 7.8183 9.18 
4.2422 -2.5304 4.8375 -9.7784 1.8421 2.7736 10.29 -16.191 2.699 -5.3539 10.069 14.302 -0.8362 5.5679 0.97077 -4.6523 2.6606 0.40021 -11.398 3.5437 -4.3353 -6.2521 20.994 4.7641 -7.1771 5.5692 2.4271 8.3333 6.8161 -6.4517 24.383 7.3302 -0.95295 2.7016 4.2445 
4.3636 -8.6137 7.7259 1.7176 -3.8395 -10.346 -0.4733 4.8779 3.2752 -12.424 -17.241 0.33838 1.0553 1.7129 0.34772 1.5871 1.7111 -2.6991 -0.56976 -0.39999 8.1265 -1.1516 -0.055932 2.4313 -7.9271 -2.9616 -7.8336 -6.0944 -10.946 -5.3849 -2.1577 10.72 -4.9499 0.27823 17.084 
4.607 -2.8352 -0.52951 -2.1652 -9.5285 2.9701 -5.7552 -14.855 2.7983 2.9853 8.9385 -7.3041 -5.9682 2.4963 -4.4878 -10.247 -1.7102 -5.1071 -8.6266 -0.071856 3.3818 6.199 10.336 5.7334 1.216 3.6134 -9.0312 3.6132 5.7545 0.56863 2.8717 15.268 4.9747 -15.157 -2.7204 
-7.9043 10.132 -4.3839 -5.6151 1.9851 2.4486 -5.8512 -0.79665 10.497 -11.875 13.809 12.951 0.38953 7.2271 8.9427 -6.2417 11.555 5.2753 1.3035 1.5576 -1.2114 -9.8922 -0.22759 0.39409 5.0457 28.789 9.6516 3.2432 -2.676 4.5199 8.0483 -6.7123 -3.6892 -22.699 6.9909 
-3.1884 -3.7276 2.2176 -8.0537 1.5902 -3.1984 -10.574 5.7173 -5.7963 -7.0047 24.165 2.8443 3.3961 -11.087 3.2571 16.856 2.1276 6.442 15.045 13.218 -5.7433 16.375 14.17 2.4987 -1.3617 30.143 13.457 -2.3994 3.3728 -0.37495 21.906 -0.91615 1.9388 4.2278 7.0233 
1.3693 -6.4002 5.4546 -1.2969 0.6911 -1.015 1.2608 -2.7021 -6.1224 5.2898 -5.4692 1.5139 0.52065 -1.0065 -7.1257 -0.44475 1.7463 1.3378 -2.6802 -6.1305 -7.4585 4.1885 5.044 3.4399 2.7348 4.7876 1.7764 -2.768 -0.13447 2.308 1.0367 0.84427 2.3942 -4.4733 -2.3736 -1.0979 -0.27654 -0.062472 0.46231 -1.675 
-0.27451 -0.5258 2.6331 -0.60087 3.8477 2.4929 5.8459 -1.3619 -0.18173 0.58071 4.9774 -1.0156 -3.4882 -0.4088 -4.1663 -2.3838 -0.42879 0.75148 -4.5828 0.60653 1.3137 -1.7538 0.037563 0.4271 5.5237 -4.2636 1.048 2.9969 0.088125 5.3044 -1.2448 -7.7423 3.5147 -5.8519 3.0283 3.3202 0.72285 3.1643 2.3438 2.1002 
-5.8007 0.83525 -2.7177 -1.0455 2.2085 2.6216 -0.79513 0.48057 -1.8161 -5.0198 2.0603 3.8423 -2.3436 -2.0604 2.9995 -0.68565 -4.3275 -0.57263 0.6121 -1.2723 4.3917 1.1141 5.4508 -0.7397 -0.035626 4.446 -5.6848 -2.3081 -0.6389 -2.8851 2.9914 -3.6396 2.1196 -5.7002 -1.1581 -6.5345 0.17677 0.99313 5.5855 2.2097 
-2.749 1.1755 4.2659 -1.0595 -1.0841 -0.87082 -4.8611 1.8382 5.6071 3.8488 -2.1954 1.8108 1.9168 2.6449 -1.1323 0.74691 -1.7621 -0.031 -2.6814 -4.3139 -0.20201 -0.402 -3.9657 -1.1887 1.4407 -3.9281 -3.9522 -2.13 4.124 -6.3049 -4.4141 2.2466 2.667 0.90938 1.7221 -1.4858 -0.65595 -0.32392 4.7251 -1.6356 
2.9282 -3.5549 1.5089 -0.7437 0.6048 0.4234 -5.8423 3.1718 9.5607 -1.3147 4.1517 -2.185 3.0292 2.0681 5.1569 1.2416 -6.709 3.4038 -2.897 2.6545 -6.0225 2.5504 -2.1688 2.3224 -7.6175 -1.7495 -0.7007 -2.2038 3.5664 -0.5255 5.2415 5.3488 -0.4612 -3.2217 2.3824 1.1344 0.2938 -0.9199 0.1129 -4.0489 
1.843 -2.3311 3.1768 -0.6167 -1.1939 1.3673 -2.1613 5.2822 5.1973 5.9923 2.4096 0.8877 0.5376 1.3048 -3.7076 2.9934 2.3757 7.5903 -0.6906 3.0232 -1.6027 3.9396 -2.2752 3.8039 0.8733 -1.7843 -2.6477 5.8699 0.7756 -5.598 -5.9387 2.0037 -0.0636 -2.5915 3.7414 -2.6363 -0.9215 3.5975 -2.628 2.8507 
2.0051 4.5889 -5.9885 -5.7537 5.1374 3.6937 -2.5332 -2.3545 4.3189 0.7108 1.5291 4.9044 3.7639 1.8943 0.4133 -4.0388 -4.6795 0.7032 1.8384 2.0622 5.7418 0.6826 2.5389 3.5906 0.1946 -2.4499 1.7414 3.3505 -0.1349 6.8546 -3.0768 -4.9817 -4.8268 0.7818 -0.458 0.9929 1.1661 -3.8656 -0.1144 -6.0843 
-1.5516 -1.9224 4.3285 1.0583 -3.638 3.853 -0.3238 7.7463 1.743 -1.7109 -5.0039 -1.6117 -5.2041 0.8631 3.6986 2.5478 1.7299 -7.4269 -2.1404 -0.5538 5.2354 -1.447 -4.9207 4.4085 -2.4166 -10.015 5.578 -4.5598 1.7825 -1.1254 -5.8274 0.0952 0.3286 -2.4039 -0.9077 7.7528 2.3637 2.3656 0.0392 3.294 
3.7863 -3.0809 1.8999 6.4932 -0.3117 -2.341 -2.8178 -0.1189 0.1051 -3.3189 -0.671 -2.8931 2.8692 -3.0684 2.2248 -2.3494 -3.3569 -4.2589 -3.8529 -1.9364 1.1727 -2.5243 1.3178 -0.5675 -3.4878 -1.5236 0.6894 -4.1253 -1.0658 -1.3883 -1.14 -3.9443 0.7691 0.2889 2.2671 -3.764 0.602 -1.3523 1.5798 -0.1226 
2.5905 0.114 -0.5606 -0.8463 1.7636 3.1964 -2.4164 -2.1411 -1.5505 0.6039 -0.8314 2.7314 1.9696 -4.7724 5.1511 4.0688 3.1402 7.1428 -4.6334 -4.8432 4.5546 8.9474 0.4356 2.4899 -1.9176 -0.4783 3.3385 0.6848 3.8065 -4.5101 6.3083 -4.8238 2.0274 -1.1968 1.2463 -2.1096 2.3082 -5.8182 3.9684 -0.7955 
-5.6113 -2.6282 3.8108 3.0939 -6.933 -2.9818 -1.9808 1.1454 1.9161 4.9066 0.9116 1.2406 -5.5253 1.209 -0.2524 -3.8411 6.0876 4.3144 -3.8023 3.9512 -0.4367 -0.2744 -2.057 2.7428 1.7332 4.7263 -1.6339 -1.1558 1.0025 -5.2036 1.538 2.6209 -5.5555 -4.806 3.9028 -2.8256 0.3142 2.5952 1.8388 -1.2566 
-2.1441 2.3522 9.4277 7.4516 -0.188 1.3008 -4.0097 1.6317 0.0049999 4.8765 -0.5561 -3.1937 4.3719 -0.6167 -3.994 -5.2475 3.2447 6.018 -1.6735 -3.1778 1.5877 -1.4718 -0.1499 -6.7642 2.3542 2.4911 5.1424 -0.4193 -0.7557 -6.2185 2.1033 5.485 -6.9847 -5.16 -6.0133 -2.4706 -4.5574 2.9875 -1.0939 -3.7431 
2.277 -1.2657 -1.2867 -2.5966 -0.3055 -0.8232 -0.927 -3.377 3.2535 0.6027 -0.5115 0.2168 -2.289 -0.0732 3.7014 -0.121 4.0226 -3.1619 -4.3423 0.2362 0.7384 2.8558 -5.0747 0.7089 -0.4698 -3.9235 -0.3542 -1.7354 1.6063 5.3899 6.4453 -3.5668 -0.2827 5.6838 -3.643 -3.7938 -0.2148 5.961 8.2733 -3.2341 
-1.916 -6.677 -1.4081 2.4932 3.3029 2.8117 -2.7039 5.7675 -1.2322 -2.1522 0.2929 0.1855 -0.7009 -2.1387 0.0264 -4.3939 -0.5611 0.7086 1.1176 0.895 3.0385 1.7295 4.0727 0.8959 2.4056 0.5507 -4.5269 2.6814 -4.1939 2.5423 -0.5003 4.2281 -2.3857 2.061 -0.6138 -4.4396 4.5947 -2.0144 -4.9439 -0.3733 
2.0666 1.407 -5.1758 -0.0755 2.9374 -2.8734 -1.7113 6.2703 -0.4689 -0.8876 1.0533 4.0782 -1.7337 -2.0806 -1.3118 -1.6409 4.7301 -2.2633 3.7056 -4.8633 -1.9971 2.6262 -4.1674 4.6808 -0.4714 1.5047 -1.5437 3.5376 -1.6012 5.5777 0.6497 0.7918 -3.407 2.0053 -0.5307 1.8614 -2.7912 6.8482 3.9016 1.657 
-1.4402 -5.7484 -4.1559 3.8615 -3.5831 0.0387 0.0932 -1.3756 -4.405 2.4344 -2.3803 -5.006 3.4896 -1.3556 -7.0397 6.3073 4.4734 -0.9001 2.8503 3.9219 1.4433 -1.7833 0.4395 -3.5903 0.833 -4.6811 2.6597 0.5803 -0.8977 -0.1438 -2.1059 -1.2434 5.8648 -1.3042 -2.7573 4.2327 -0.2208 3.8927 2.978 -0.378 
1.191 -2.3342 -1.8642 -1.0973 -1.9028 0.5448 2.9044 -1.2166 -3.6324 3.1797 0.6832 -1.8458 7.6803 4.6159 -1.8257 0.7958 1.796 -2.389 6.9965 4.3946 -1.3407 0.463 -1.1044 -3.6936 9.3676 2.6012 5.6935 -0.2352 -5.2219 7.2003 -0.7515 2.8289 4.7427 0.8771 -2.4253 1.1902 -0.5475 1.3557 6.3667 -5.7584 
2.1465 -1.6148 1.6869 1.9397 -1.0348 -0.3921 -1.0753 -0.059501 1.7829 3.5133 4.4191 -8.2856 -2.2695 2.7222 -6.6652 -1.6836 -2.5189 4.5915 1.8788 1.499 -4.5345 0.4433 0.6988 -0.3402 2.4153 -3.6985 -4.5168 -0.4981 2.9964 -0.2108 -3.2117 1.3897 3.9255 -3.3181 -5.4204 -5.4082 -1.8461 -2.9446 0.1545 -0.351 
0.6059 -3.6872 -6.6565 1.4964 -1.503 -0.8185 -3.8292 -2.7099 -1.168 2.4426 1.6004 2.5288 3.1191 2.8052 -1.4822 2.1495 -6.9481 4.359 0.2836 0.0793 2.2664 3.4589 -0.3686 -0.5756 -3.3672 0.1087 -1.284 -1.4488 2.4383 -2.6 -6.7467 4.448 1.2259 -6.5583 3.9296 3.4609 -0.5391 3.4565 2.6547 -4.5076 
-2.6809 3.2825 2.5873 0.9876 1.896 -0.9716 -0.7866 6.0095 2.5352 3.52 -0.5362 -5.3911 -2.0161 -1.0051 0.255 6.3623 -1.1091 3.1956 -2.0892 -2.4716 -2.5844 1.9181 6.0028 -1.7629 -3.7804 0.0377 -2.6761 -4.9724 -5.4752 3.8174 -2.3374 -2.9351 -1.0503 2.0271 -3.2752 1.1162 0.2674 -0.7707 -2.0674 4.3219 
-5.0087 -3.0156 -0.4134 5.9848 0.116 -1.7171 -3.2116 1.3415 1.914 -6.5782 2.5595 -2.4357 3.2921 -2.5968 1.6591 -5.1738 -3.6005 1.9927 4.2031 1.8752 0.4081 -3.465 1.4299 -1.7728 0.2627 7.302 4.7366 4.6713 4.1616 -0.2476 1.4432 4.4504 0.3861 -7.8495 1.2453 -1.8448 0.4462 3.8548 -2.9609 8.121 
-3.3281 -0.2455 0.5048 1.6836 2.9295 1.2164 -1.653 -4.739 5.499 -0.0471 2.1214 -4.4036 -2.4382 -2.3699 -0.5488 -2.6665 1.6825 -2.2675 1.1347 -1.3103 2.0499 0.5799 -1.4798 8.1767 3.3774 6.6671 3.6663 1.6683 -2.074 2.755 7.4187 -0.1953 2.7394 0.6598 -6.6013 -2.5388 3.4579 4.7082 -0.8655 -1.1614 
-2.8674 0.8208 1.3519 -1.8595 -1.0213 -6.6432 -0.3629 5.5386 -1.3218 7.6057 0.3685 -4.9407 -7.5617 2.7783 -3.3264 -1.5301 -0.5004 -0.4311 -1.2366 0.8496 -0.6689 1.2802 0.4185 2.2625 -0.6667 -2.6847 1.2833 0.4308 1.3004 -3.228 -2.6068 -4.2558 1.4672 1.7161 4.3888 -5.4298 -2.9586 4.383 -3.3749 8.4874 
0.698 0.3618 -2.4181 2.4697 -2.5232 -0.0559 2.9239 5.9294 -2.8527 -1.5569 -8.1242 -3.9054 -6.1917 7.4821 -2.4999 -2.2921 -2.894 -3.5172 0.0026998 -3.3476 -2.4565 -4.4466 -2.1572 6.4341 8.068 -2.2558 -0.5375 4.5941 2.2012 3.6877 -0.1146 0.4805 -3.0064 6.3694 -1.3711 -3.0285 -2.9409 4.7929 1.4678 1.1478 
6.2304 -4.7416 5.417 1.5998 -4.6738 0.8295 0.3264 4.185 -7.2911 -4.3645 0.7243 -1.4928 5.4238 0.3082 -0.3244 -1.0442 -1.0305 0.129 2.6742 -1.1493 1.2829 -1.4613 0.5629 -1.9178 -1.114 0.6062 -1.7573 4.1011 0.7443 2.1367 0.8211 1.2349 -2.2299 0.9338 1.3166 -2.5775 -0.7838 1.5887 -1.6889 -0.1104 
1.7393 -4.5873 -7.186 1.4498 -0.4597 -2.2723 -2.1378 3.426 -3.3082 -0.1583 -0.0181 4.0028 -2.6533 -0.8767 -2.8278 -2.9967 -0.1492 3.8721 -1.1564 0.8501 -1.2157 -3.1395 1.7997 3.7229 1.4578 2.7529 -1.2964 -1.8495 -1.4862 -5.6674 -0.1756 -0.55 1.6418 3.0472 -1.2552 -6.6415 3.4109 -3.0017 1.629 -3.5876 
0.9854 2.7437 -0.2595 2.9711 0.482 -0.0313 2.4666 -3.6466 -0.2988 -0.9594 -0.448 2.9578 -3.3263 -0.5296 -5.0603 2.1987 5.1745 7.4215 -1.1635 6.9613 -0.3216 -0.2981 0.9415 -0.7648 -0.3087 -0.2867 4.3209 7.5375 1.4058 3.0981 1.5909 -0.7036 2.1588 2.5957 1.8456 2.1969 -2.4877 -3.373 2.165 0.7793 
-0.6866 1.4714 2.2309 1.4882 5.2079 -1.8793 0.043 0.4775 -7.4413 3.2362 0.3824 2.284 -0.3886 3.2239 3.9342 2.2288 1.8273 0.3481 -1.8807 2.0763 -0.072601 -2.2945 -5.8362 -4.1767 1.6612 2.9676 2.4294 3.5578 -1.554 -0.3309 -2.0003 5.4392 6.6569 -2.6726 -0.9437 -4.517 -3.0679 -3.9406 -2.5142 1.058 
-3.8984 -7.6087 0.1327 -1.379 3.4177 -2.5379 4.9493 2.0117 1.098 3.5414 -0.495 -6.153 5.1222 -2.4728 1.3355 -2.6892 2.3246 0.332 -1.8572 1.8621 3.3864 0.9183 -1.5024 4.0003 2.0241 -2.0058 4.4553 -3.769 7.6881 -0.6461 1.976 -3.9898 -4.5793 -0.1856 -3.3235 -3.4573 -2.5908 -1.2767 -0.7132 -2.9967 
-5.9384 -2.2125 -1.4122 -4.1993 10.525 -0.0893 -4.1514 -2.3541 -2.8452 2.1398 -6.9319 1.6798 3.563 4.3879 0.1155 7.003 -0.6596 2.111 4.7643 -0.7475 2.0289 3.4864 -3.9881 0.2756 -3.6281 4.008 2.7711 -1.1026 -0.7608 -5.0275 4.1184 5.0795 -4.0587 -3.1017 1.1747 -4.9015 -5.2749 -5.7181 -4.7352 0.5095 
1.0045 -0.3271 3.9506 -4.3961 -1.8257 1.7335 -2.3874 6.5869 -2.5469 0.3471 -2.9905 -0.9949 -4.2523 3.623 -0.0429 -1.7837 -0.0293 -2.5115 -0.7712 -1.3178 0.2147 0.6503 1.8073 4.1197 1.9811 -5.1229 -0.9956 2.8164 3.9642 -3.5428 1.73 1.7277 -4.5047 -0.5422 -5.9974 -10.135 -1.868 -0.5274 -1.9056 3.08 
2.9534 -0.5469 -1.6099 -0.7149 0.2727 -2.2876 1.6883 6.7111 -0.4935 3.2383 2.1223 0.0808 -2.245 -1.17 -2.2107 -8.2005 4.6872 -4.8375 2.0102 3.8784 8.2579 -4.1566 -0.8397 -3.1005 0.3303 2.0309 -3.371 1.0281 0.0606 -4.0462 0.332 1.6154 -1.7599 -0.305 -7.161 9.4165 4.6656 -1.2835 -1.7291 4.3207 
2.4871 -1.5839 -7.1745 -3.2829 2.1494 -3.1302 -1.2472 4.8768 1.4101 -2.4389 -0.8404 -7.4349 5.1921 -4.3522 2.2845 -1.3058 -6.0301 3.0866 -6.1935 -5.8311 -4.7104 3.4177 -0.4452 0.4716 0.4848 -0.7642 2.8801 5.9685 -3.2658 -2.9431 -0.9318 -5.4024 0.3002 0.5722 2.8257 3.9836 -0.4301 1.7103 0.7523 -1.1577 
5.9251 4.041 6.775 1.7969 3.9759 -4.978 0.1937 -1.9401 -0.5893 1.1209 -0.5683 -3.1503 -5.8463 -1.1586 0.637 -0.9698 -2.1312 -1.9996 2.4115 2.1319 -3.8287 -0.1564 1.9234 -4.6246 -3.626 2.0619 -6.5884 -6.4638 -4.4779 -2.9235 -3.2277 -5.0574 -2.2016 2.0568 -3.0052 1.1359 -1.2426 4.3638 -2.9811 2.0587 
-0.6347 5.5186 3.2767 3.1056 3.3765 -2.9088 -2.765 -4.7691 1.6076 -0.432 -0.6057 -0.1317 1.5301 3.4752 -4.2562 7.1588 -2.9546 -1.5486 3.1144 5.1733 -1.0015 0.1549 -1.3643 -5.6006 -1.0882 0.5241 -6.5731 1.2873 -1.7816 -3.5577 5.7522 0.9991 -2.2959 -1.9065 0.8734 -4.6411 -3.836 6.0526 -4.5561 -0.0693 
61.422 -3.8312 17.72 30.742 
0.18184 10.744 14.09 17.122 6.4967 5.4457 -8.0505 8.7221 3.1915 -17.017 -0.8182 2.0212 2.77 -2.8668 -3.6681 -7.9174 -9.0711 13.513 3.6907 4.322 -0.82759 8.6337 -0.47977 21.835 4.0945 -1.9917 -0.075627 -11.787 9.2457 -8.751 -7.1368 -16.56 3.7411 20.132 2.4945 
-5.1662 21.23 -0.18808 -3.3721 -5.6735 -6.3728 -4.4283 -1.8664 -2.1393 -7.1683 8.5845 -6.0455 -10.709 6.752 -10.81 -6.8292 17.945 -2.5583 11.468 9.8578 -0.0043258 3.4649 -11.982 -3.3697 -7.2674 -14.65 1.0486 13.369 1.3483 -18.829 9.6779 -16.047 0.38892 9.8295 12.17 
-8.5165 -1.5313 6.4228 22.99 6.1407 -3.8039 -15.061 8.6331 6.0188 -8.2762 13.123 -18.927 5.698 1.3274 -1.8109 -9.3363 5.0312 1.1374 -12.578 -0.66845 -17.762 4.4199 3.8693 1.8555 3.7939 16.875 -10.278 1.9803 -2.4909 9.2369 11.278 -3.7942 -1.0451 2.0881 8.2495 
1.0881 4.3476 -9.6905 -14.44 1.9 19.242 -8.8486 9.6481 14.925 12.604 0.26774 10.127 3.5892 9.0895 -11.012 11.326 -1.0651 -10.92 10.858 1.1971 3.7515 6.0514 9.0985 14.251 6.1317 -11.628 -0.23066 11.583 11.94 -5.891 9.3713 3.8084 5.9889 -0.77482 -0.87467 
-5.3126 13.67 -6.6949 3.6145 -1.6028 5.0909 2.1187 -0.8724 -2.8516 6.4581 -28.957 13.545 22.732 -5.8051 14.743 -3.7416 -24.783 13.52 -9.6118 18.266 11.474 13.876 9.0302 -12.864 3.7173 -20.452 12.077 3.6101 -16.434 0.21635 2.8383 -12.524 0.495 17.019 0.4499 
1.6397 -0.57738 -0.63277 4.3337 6.8195 -5.0735 0.22015 -1.801 -6.2073 2.5288 -5.835 -0.49115 -6.5779 0.9005 -3.1883 0.39728 -0.85045 -0.50325 -6.1064 -7.503 2.3938 7.1784 0.4681 -1.799 3.3941 4.018 0.07165 -0.5187 -3.0554 2.1696 -3.0836 -5.1622 -2.4433 3.7545 -3.5121 0.69167 3.234 0.71068 -1.1099 4.6718 
0.39503 1.8435 -0.77628 -8.6756 -3.7943 -6.5977 2.6939 -1.5945 -1.5131 -0.12338 1.5392 -1.7401 -6.3048 0.00074996 -2.7356 -0.36884 -3.3794 0.028862 -6.4861 2.0356 3.8942 -1.1608 -0.99816 -5.5553 0.61535 -3.9197 2.4077 1.1895 -6.7564 -2.3082 1.7436 -6.1101 -2.453 -4.6585 0.60967 0.73685 2.8175 2.7777 3.4346 -1.2849 
0.8948 5.9569 0.78748 -3.0565 -3.268 -2.7376 -2.4993 -0.3062 2.4825 -2.8253 -6.7631 -2.5978 1.1769 1.7814 0.77039 -0.19119 -2.7345 4.9949 2.8042 -3.7216 -2.6663 7.164 0.98995 -1.9143 -1.523 -0.38 0.7269 -0.35215 -1.6139 6.7085 -2.5448 1.1609 -5.3315 5.1025 2.109 -4.3858 -0.40725 -0.030981 1.4257 -0.84888 
-3.3735 -1.5598 1.5918 -1.2131 4.4201 -2.9078 -3.4395 4.9494 -1.0408 -1.3609 -0.19679 -0.4165 3.2702 -0.997 1.6079 -1.8801 2.9961 7.8531 -2.0554 3.6821 1.8624 5.7672 -0.2291 1.6224 -3.0841 -5.3942 -4.7659 -2.7056 -0.99698 4.2642 3.2239 -1.6098 1.3945 0.642 2.9939 -3.0518 -1.4264 -2.1824 -5.8887 2.8235 
0.6891 -4.2623 0.6282 0.0598 -3.3955 2.0221 8.2925 -4.8874 -0.7351 -2.2156 -4.2236 -2.9941 -3.3774 0.2549 4.6512 -2.2886 -1.6948 -0.5013 -0.2797 -2.9177 10.497 -2.6077 -3.3279 2.3389 0.5331 4.4907 3.3215 -4.0087 1.3124 3.4342 -1.904 1.6275 4.2331 -3.0128 0.6206 0.0996 -2.2885 -1.0079 -2.5106 3.8546 
-7.0003 -9.6851 4.7987 -0.3343 2.3088 -3.0621 10.428 -2.4686 3.9653 4.0458 0.6119 1.293 -7.1247 0.8716 -5.7999 -1.2124 -1.8164 1.759 0.1751 -2.6544 3.2168 -0.4493 3.7514 5.7697 -5.5015 2.7112 2.5949 -0.8391 0.1458 4.1509 -2.3664 -1.1009 -0.9276 0.6965 0.2621 2.5982 -2.4099 -4.3894 0.1093 4.8248 
5.4943 -4.3977 0.1851 -1.0047 1.9899 4.2499 4.9292 3.0929 -0.8677 5.1447 -1.4957 -2.0798 5.4336 2.7414 -1.505 -2.5164 0.1081 -1.5415 -3.2827 -0.8891 0.1636 -5.8021 3.511 2.787 0.0856 -5.1089 -3.5837 -8.0267 -4.3406 0.0138 1.6532 -0.7466 1.7789 -1.9366 8.0872 -0.1598 -8.985 -2.5376 -2.5711 -2.0591 
6.6594 -0.8747 2.3101 1.9434 -0.7973 -2.4754 0.5493 -2.2022 0.8056 -4.4145 1.0513 0.1196 2.498 1.5296 -1.9375 -6.4588 5.0788 1.902 0.1003 -2.1927 -0.5821 -0.9544 -2.6911 1.7291 -0.0806 0.2181 -0.0736 0.0834 2.2246 -2.3255 -2.0786 -4.078 2.223 -0.9731 -4.9038 3.6208 2.4269 -2.4087 2.3922 -2.3415 
-0.0782 -0.5843 -2.0778 0.0268 -2.0487 1.5137 -1.651 6.0744 -2.6573 0.5396 -1.9503 -2.2884 3.2012 0.5617 0.349 2.4698 0.9138 1.7396 -3.4088 -0.2516 -5.2947 2.0028 -3.9804 2.1553 1.9427 -0.9779 4.1933 1.1338 -4.9746 0.1177 -2.9566 0.4542 4.0737 3.2419 -8.196 0.4177 6.6693 -0.2075 -0.6807 -0.3516 
4.0208 1.4506 -3.8551 2.3023 2.7073 -0.5755 -2.1797 2.5234 0.6549 0.8104 1.1179 8.557 -2.746 -0.8994 -1.1359 -0.0548 0.247 -2.0347 0.8659 5.5131 2.4581 3.5767 -3.8605 2.851 1.0273 -2.8493 -5.5956 -3.3905 -0.9395 -2.0872 -5.0331 -1.4022 -6.5508 -2.4565 -1.602 -0.2878 -0.3519 2.6612 -2.0375 -0.0512 
-0.2574 -0.41 0.5091 3.705 -0.4972 -1.2156 8.4972 -5.1572 5.2777 -1.6086 6.4571 3.0358 1.1226 -4.2289 -1.4582 -0.0863 0.3952 0.8616 -6.0086 4.2792 -1.2062 -0.5232 -2.367 0.9616 5.8782 3.4124 0.4846 0.1922 1.7674 0.8283 -1.5738 1.6936 4.0482 -4.1051 -0.5811 1.182 -6.7425 1.1832 0.3059 7.3296 
-0.7812 -8.7913 3.9644 -1.7744 -1.3299 -7.8848 4.8229 1.6048 -2.0666 0.4392 -2.8274 -8.0967 -0.2449 -2.19 1.1418 -4.8978 1.1083 -5.7609 3.8219 -0.4006 0.1204 1.8357 6.3496 -5.4028 7.2138 -5.2242 -3.9305 5.9985 -0.0075997 -1.7919 -0.6077 3.2427 2.1469 -3.0341 0.9473 2.2323 -2.807 -3.1948 -1.3901 -4.9321 
-1.3641 8.3681 3.8449 1.9644 0.685 4.3831 -2.1723 1.2061 0.2948 -6.342 -0.2389 -0.7911 -2.4717 -1.1818 -1.2114 -2.1738 -2.1001 1.9292 0.1948 1.1186 1.6299 1.1424 -0.0771 1.2668 -5.346 -2.7885 -2.2692 -4.5531 5.2236 4.9283 0.6999 1.8064 -0.1507 -1.3403 1.4864 2.7819 -0.4191 3.0357 2.9623 3.3754 
-2.2106 -2.4014 1.3606 7.4748 1.0926 -4.4795 0.8123 5.9031 2.0889 -3.2562 -4.1399 -6.7131 -5.5752 -1.091 3.5537 -2.764 -3.1733 -7.3811 -5.0584 -3.4447 -3.8135 0.2295 2.602 3.9036 -6.0081 0.3083 4.5268 1.9647 -6.1635 -1.2376 0.585 -1.8823 -5.8886 1.655 5.664 2.111 3.6116 2.0207 -5.6425 -4.0426 
2.2681 3.5784 -1.2575 -2.2694 6.204 -5.1942 0.0051999 0.4665 1.0442 2.1833 4.8359 1.6672 1.7048 5.0605 -3.1836 4.0659 7.0179 1.2131 -2.378 3.3406 -6.455 -5.4164 -1.2778 5.6749 -0.4758 -0.3613 -1.0618 5.0196 -2.0166 -2.7265 1.1891 4.8717 2.7175 4.0749 -3.7489 1.4261 -1.4297 -2.0453 3.8083 6.8869 
-2.0377 3.0352 0.2866 -0.1035 0.3569 0.2844 -0.0777 1.2409 -6.2956 1.7399 6.1675 -0.2275 -8.9 0.3126 0.9962 -0.7454 -3.2943 2.8414 -0.8765 2.8332 -0.9108 -5.9642 -2.5345 -0.8149 1.4432 -3.9234 -0.8874 -2.0939 -8.4631 -1.2461 -0.9524 -3.4583 -0.7377 1.1407 -2.6574 1.7615 -1.0914 -1.104 1.058 -2.326 
-1.6869 1.2255 -1.1602 -1.4322 2.3145 1.8712 1.795 -4.3308 1.5891 7.5609 -3.7797 -1.5247 1.0427 -7.1142 2.7954 -7.0208 -1.3915 -5.3397 -2.8174 -0.3352 -3.1772 4.2785 1.5594 1.1459 4.7861 -1.121 -7.7694 -4.8088 -1.0099 5.2801 -1.2947 0.1276 -2.559 -0.6628 1.3297 -1.8212 1.416 -3.132 -3.7525 0.9481 
6.4511 -5.5951 1.3076 -5.1149 -3.7453 -6.8977 -2.1495 -3.0236 4.6106 3.253 3.0053 2.9758 1.0893 3.849 -5.6144 -1.5204 -2.7346 4.19 4.1293 -0.6619 0.9266 -0.1328 -0.0826 0.3512 -4.733 -4.2117 -3.8499 -0.2879 -1.2957 -9.7994 2.3054 -5.2833 2.8695 -1.3709 2.2147 -3.7471 -0.2062 1.6393 -6.5927 -0.2387 
1.2272 2.9929 1.1565 6.5417 -2.5997 1.1595 5.1476 1.9312 4.8922 2.9073 4.7393 2.3076 -0.1521 -3.851 3.9465 1.1919 6.1427 1.6999 6.7829 -1.2499 -3.0251 -4.9941 -0.9146 -1.3666 -1.3039 -2.5403 -1.6838 -0.8941 -5.5107 4.6365 3.2878 -0.7146 2.0654 5.0581 0.6761 1.6821 -8.1968 4.56 -2.9428 -0.6936 
-0.0804 -3.7255 -4.8337 -2.4875 -8.4702 8.4555 -9.5523 2.2585 -1.6563 -0.2582 1.7466 -4.5716 1.3064 5.129 -4.5553 2.8223 3.1239 -5.3681 1.3162 -0.8725 -4.8246 3.2991 -2.8351 0.7431 3.4184 -0.5788 0.6404 0.9466 -0.3656 5.4094 -2.2806 -8.8116 -1.0747 -5.2417 -0.8666 -1.2375 -0.5472 -3.0667 -4.0091 -1.5071 
-1.0247 -1.3002 2.0829 3.8139 -0.7054 -1.5888 1.2481 -2.4165 3.1125 4.0719 -1.5274 -0.2444 0.235 2.9854 2.5511 2.9316 3.4099 1.5087 2.6216 -1.9795 2.7778 3.1463 0.236 -0.3746 4.0991 2.7819 3.2279 -1.6191 -1.6032 -8.115 7.9947 1.2361 -0.4281 5.6749 0.7139 -3.5493 0.4468 2.8582 2.5865 -0.7312 
-0.804 -4.7374 8.4132 -0.2637 2.1062 -5.6375 2.2669 -5.9349 1.7024 -3.9812 1.2018 1.0992 1.6263 1.9299 0.5824 -1.7608 -1.2572 2.373 -5.5046 -5.9636 7.2158 0.8499 -3.3712 -1.6797 2.6987 -3.7661 -3.4903 5.7947 -2.9787 -1.4283 -0.2718 -1.6824 1.6682 -2.7783 -4.6758 4.0385 0.9764 7.6804 -1.3922 5.4839 
-5.9014 1.0189 -2.4574 1.8486 1.2875 -0.6572 0.059 -2.4475 -0.2152 -1.7234 -2.222 -7.3223 3.6201 -6.4795 -1.9305 -3.6481 -2.2945 0.6888 1.8464 6.7761 1.4493 -6.239 -3.4197 2.7857 -3.5449 4.4959 3.2698 3.4436 -0.5094 -2.9012 1.5897 3.1157 6.3291 3.3693 -1.5591 3.7029 -2.3962 5.5767 -0.8213 -1.4191 
2.4619 -5.4 9.0353 6.1224 -3.8381 4.5561 -2.5313 -1.5032 -1.6775 5.9973 0.6056 3.0235 6.7137 2.5602 2.4199 4.4209 0.0383 -0.7761 -1.9875 1.6778 -3.3862 -2.0648 -0.6293 -3.0485 -1.326 0.6676 -2.2531 -2.7221 -3.6269 2.6491 -10.92 -5.5285 -2.9065 -2.0305 -3.1437 1.3254 2.3813 -3.6751 -3.7019 -0.7626 
0.5314 -0.4298 1.4076 -0.7933 -6.9518 -0.3118 1.751 1.5048 -3.3601 6.8671 -4.4221 -2.3165 4.58 -2.3097 1.9482 1.3399 2.2785 5.431 0.7446 5.6124 0.3653 -0.6958 -0.4196 4.6609 -2.3456 -2.68 -3.5166 1.9716 2 -2.9534 1.3366 2.632 -3.8854 3.7104 -3.6348 -2.6406 0.64 0.7352 5.1572 -3.0765 
1.0528 4.5649 6.219 -0.017 5.7084 -1.0976 -0.0421 1.3136 4.0228 2.0218 0.6454 -0.6133 4.1682 0.8978 5.8496 -3.5851 -1.0645 1.1136 0.2189 7.7587 2.3 0.3638 1.125 -6.6218 3.1058 -2.5766 1.3062 1.1185 3.4112 -1.9723 1.7022 2.7618 3.6029 -2.5274 -2.4322 2.2282 1.452 3.9501 1.5289 -1.2236 
-2.874 5.1531 2.4456 -4.2337 4.4927 2.7046 -4.6926 2.1314 6.9303 -5.6153 -1.4973 -7.4631 -0.4363 3.379 -5.0066 -3.9774 -4.6072 -2.4585 2.3196 2.9181 -2.22 2.1644 -0.4678 3.6419 6.9423 3.9774 3.3903 3.3817 1.4308 -0.751 -2.5935 3.3316 1.0304 0.9664 -0.2439 -5.5214 3.9525 1.1667 -3.6866 -0.5409 
5.2038 -1.2083 -0.6544 1.96 0.6353 -3.3955 -4.5084 -2.9565 0.65 -2.4515 9.6014 -1.0141 10.52 0.5751 3.5456 -1.0437 6.3425 0.1811 1.3292 0.0109 -2.9071 1.5392 -0.3363 5.1153 0.9775 2.102 1.666 2.5924 -2.0338 -0.5871 0.4761 2.6104 -0.9462 2.0227 -1.5968 -4.0908 3.7574 -0.3437 -0.5604 -4.4091 
5.6885 1.5169 -4.0696 3.0753 0.2317 -6.0202 0.1845 0.9459 -1.9822 1.4144 -0.6761 0.758 -1.6245 1.7598 -2.4999 0.4227 -3.4786 -0.593 0.8564 -1.5336 2.6187 -2.4765 3.4506 -0.0153 4.4264 4.6054 -6.6126 -3.4638 4.2554 1.5559 -7.5002 -3.002 3.9772 -2.0881 -1.0818 0.0566 -8.184 3.4772 1.796 6.0971 
4.1877 3.8704 -3.8688 1.1824 1.9476 1.8939 0.7422 1.439 2.3536 5.1025 1.1265 0.7868 -0.5441 -6.2732 0.3984 1.9311 1.7264 2.8084 1.0937 0.512 -3.3566 2.3086 -3.7235 -2.0541 -4.7014 0.2424 -1.9002 -3.995 -2.5754 -3.2016 1.6945 -4.3287 -5.252 -3.0699 -3.8882 4.4879 3.985 4.6712 -4.3535 1.1489 
1.1843 -4.2976 -1.1836 1.1704 -1.4148 -3.309 -3.9563 -2.5469 5.1617 3.7793 -5.5294 10.57 0.1171 -2.8236 4.3323 -3.1965 -3.0901 -2.4999 0.8095 -3.5165 -6.5574 -4.363 -0.551 4.6678 -3.0728 1.1178 3.1998 0.1295 0.8153 -0.7065 3.1655 -4.5457 -3.8965 -1.9613 -1.2372 1.9799 5.4453 -7.5925 4.6868 -1.0775 
-2.5558 3.7873 -0.0674 4.0789 1.2756 1.2987 2.3462 3.587 -1.3099 4.3454 7.7519 -2.1364 -0.9086 2.6578 0.6311 -6.5196 -3.2403 5.5806 1.5082 3.5621 -3.4879 -1.7424 3.2579 -1.2872 -5.5592 3.4308 6.8776 -1.3544 6.9583 5.9731 -5.9145 4.0467 -1.5584 -0.8169 -0.6874 4.9072 -6.9652 -0.826 4.6627 -4.9181 
-4.6422 2.1241 -3.5186 -2.4687 2.296 0.9535 1.5883 -0.7127 5.6758 6.3383 3.3774 -5.8241 -0.7891 1.9849 3.0067 -4.0192 -1.5847 1.1882 5.2508 -1.083 5.2725 -2.7996 -3.2615 4.6133 -1.8054 5.2913 0.1788 -0.1164 -8.2215 -2.6317 -1.9743 1.2488 0.5181 1.8561 -2.7867 0.2031 1.2725 -2.647 -2.5824 -3.2758 
3.5649 1.3992 -2.7086 1.311 0.4962 3.3416 7.3667 3.9154 2.7035 1.0942 -0.4569 1.4702 1.028 -2.9852 0.7363 0.9424 -3.2517 -1.6106 -6.3148 0.961 1.4157 1.6042 4.275 -1.6089 3.2943 -3.3287 2.4852 2.4938 1.5666 1.5 0.1303 -3.0183 0.5776 -1.9651 -3.1551 -3.2902e-08 2.0708 1.5348 -0.1035 3.4189 
-3.8893 7.4182 -1.9129 -3.3713 2.2902 7.9106 -3.8937 3.7255 -6.735 -5.0182 5.0017 1.02 -1.083 3.3718 3.0011 -3.9005 4.3241 3.1615 -3.1895 6.0584 -0.2488 0.3561 -0.9261 2.6204 -4.8532 -4.1935 2.1655 -3.3512 5.8993 -1.4178 -3.2473 -6.3767 -1.1164 -4.1039 4.682 -0.1052 -2.8973 -0.8504 0.5905 -1.826 
25.489 -58.558 -46.262 4.4691 
11.443 -3.0683 2.9612 2.0281 -6.184 10.433 -11.433 6.4394 4.6055 5.2944 4.5012 5.0914 -3.0135 3.3968 -7.0963 5.3448 5.2789 -10.802 16.618 -12.316 2.6627 4.8896 -5.697 -1.0863 -10.445 -9.4572 8.4913 -12.69 5.7136 4.0457 3.7966 2.8969 11.986 6.0353 0.66877 
-7.0379 -0.41347 -3.2524 13.495 -5.0549 -4.8688 -6.061 -16.682 3.358 -9.3276 18.337 -5.5138 16.041 1.5856 4.6681 -1.4689 -14.697 -16.723 -7.743 -7.2485 -3.8005 1.5358 7.9224 3.585 -11.351 8.6103 2.3886 12.24 5.6654 -0.92347 -6.3385 5.2406 7.0658 -8.4346 -5.036 
17.519 -20.298 0.84453 -10.968 12.017 11.565 -4.0336 -1.0516 -0.16814 4.1176 4.9277 -0.39095 -0.32588 -8.0737 -6.8811 8.0116 -12.743 1.1047 2.8224 12.465 8.0611 -3.0347 -1.8518 -16.856 -1.1439 -2.4035 2.1925 1.9309 -5.9571 6.143 0.4231 1.0025 -13.304 -8.3533 2.2115 
14.49 -7.0882 4.8168 4.5645 0.84321 9.715 -3.86 -4.1807 5.9847 3.6121 -14.844 -9.0892 -11.838 -9.0195 -4.4713 -12.171 -3.6035 -6.3809 -18.428 9.4022 4.0941 -8.5286 -4.1916 -16.546 25.253 5.252 5.9846 4.7301 6.0852 -1.2117 -7.181 1.3527 2.1714 8.9677 5.8448 
