1.4535 -14.555 1.8519 4.6103 -2.6305 -18.681 3.1733 -5.3691 -20.949 -24.271 -7.6518 21.054 -16.041 9.6419 -1.6767 13.023 18.431 -10.265 3.3639 -12.798 -2.1787 23.254 8.4566 -17.908 9.2854 -2.7599 -28.671 -6.613 -0.60135 11.461 -14.858 -18.694 18.049 -7.3655 5.5546 
-3.8372 -4.1436 -0.52537 -4.078 1.5809 0.37946 -1.0884 2.2721 0.57765 -5.6894 -2.9679 -0.41965 -0.32333 -2.1389 4.9966 1.6018 -3.2555 2.2371 1.865 -7.0183 2.906 0.18974 0.972 -5.8256 -1.1249 0.76611 3.4846 1.3893 0.050806 -0.24178 -0.99686 5.8044 -3.1635 -0.49223 0.418 -0.66175 -1.9162 4.4773 -2.2019 7.5486 
-0.51722 1.0143 1.8614 -3.0967 1.7293 -0.28761 -1.4902 6.0205 1.8861 -5.4204 3.2727 0.17012 4.815 -0.80836 3.2726 -2.82 1.5054 4.8261 -2.7295 -1.2701 -2.4914 -1.3075 1.6063 2.9199 -2.2539 3.982 3.6473 0.84412 0.53077 3.0708 -0.22151 -2.8175 -0.41775 -1.0767 0.50282 0.51118 -1.9829 3.1051 1.3511 -3.1723 
3.7109 -3.1675 -4.6843 -6.5092 -5.3979 2.9373 1.419 -0.7719 5.22 0.1212 0.3269 2.2912 -5.6611 -3.1149 2.1115 -7.1148 1.9665 -5.0731 -2.4532 -2.0474 -3.7643 0.42942 -1.2803 -2.3952 -1.8975 1.886 3.8856 2.2941 -1.6058 0.77946 2.0154 -5.593 3.4722 -2.049 6.7012 5.9381 -0.61776 4.4935 3.5198 2.4785 
-4.2052 -0.42804 0.10804 -7.2298 -0.16422 1.9447 -1.6761 0.93379 -1.7265 -8.5228 -2.5588 2.1973 1.6535 4.2177 -2.8998 0.53783 -1.6582 1.7305 -0.8732 0.096525 4.0332 -0.37736 -2.3483 -0.31304 -2.2004 2.0664 -0.42351 0.17024 -5.2634 -3.5992 3.6086 1.8813 4.2913 -4.433 5.5419 0.021626 3.2617 -1.3024 -4.0587 -1.1783 
4.0253 0.8833 -0.3745 2.8177 -0.946 -0.6202 -0.1317 -0.3337 -3.3087 0.8926 -0.4235 -7.233 -4.2924 -2.2193 -2.623 -1.0531 -1.546 -5.8991 -2.6029 0.9961 5.6394 -1.2821 4.816 -0.1269 3.3715 2.5173 -1.7245 -3.6003 0.2718 2.3511 1.1629 2.8595 0.8322 8.1431 -8.1836 -0.1081 -4.1229 -1.404 1.5792 0.0851 
1.4032 -2.1477 2.6673 -1.883 1.7433 -1.5839 -2.104 -2.1924 -3.1758 -1.2542 0.3843 0.971 -5.5822 -1.9312 1.8078 0.9703 -1.435 -1.8158 -3.2961 -2.1987 -6.3847 0.4067 0.5354 -6.6829 2.0622 -3.5225 -1.3462 1.6273 -6.1076 3.5107 -3.2437 -6.2517 4.6252 -4.5875 -1.3376 0.0131 -6.7669 -0.6255 -2.6848 1.1788 
-2.1214 1.772 -3.9068 -2.4848 3.0086 0.8973 1.8165 -3.4505 -2.3348 1.0155 6.2274 2.9246 1.4443 -1.5684 -4.0947 3.5174 -1.0152 2.5575 -6.9144 -1.8505 -2.2324 0.6308 0.6334 -1.2158 5.2888 1.1602 -3.1459 -2.1567 1.3131 1.3954 0.5798 -4.3057 -2.8785 -0.3816 -2.1769 4.3423 -4.9302 -5.6203 -5.4831 2.7122 
-0.4876 5.3659 -5.4461 0.1358 -1.7416 -3.5941 1.8365 2.8128 2.8817 -2.5357 -2.6065 1.3775 11.737 5.5321 4.4307 -1.5029 -1.4376 -0.6202 5.1406 -0.2683 0.2434 -0.4313 9.3651 -2.871 -2.8969 -5.0638 3.6815 0.3522 -9.2572 5.8583 -2.139 2.3644 -1.6972 -0.9787 -3.5069 4.6223 -0.2097 -2.9462 2.3632 0.4451 
1.9497 4.7843 -4.4562 0.4728 -1.9011 2.4475 -0.4077 1.7296 -0.6168 -2.6146 -2.6343 -7.2687 -1.8256 -0.2124 3.8882 2.2991 -5.1121 -6.7466 1.6752 4.8284 1.2693 1.5479 -7.7118 -0.885 2.6819 -8.3248 5.1088 -2.8538 1.0044 -2.4922 6.5285 3.6842 -2.241 0.563 -4.0284 -0.7808 1.4403 -3.4841 0.3615 -2.6197 
3.6733 1.9532 -5.1019 -0.3799 -2.8942 1.2175 -2.5437 2.9125 -6.7283 9.0148 -2.4718 1.185 -4.0533 -8.2503 4.011 -3.7349 6.8813 -6.9164 -3.0876 2.7906 0.0289 -1.9818 -3.0962 1.2929 2.0022 2.2135 1.2574 -0.6953 3.8756 6.1422 -3.8768 -1.4886 5.8806 3.1532 -3.5298 7.5431 -1.8689 0.1867 0.0592 4.5016 
1.5927 -4.3695 -4.6759 -1.8896 -1.4797 -6.3813 -5.862 1.4707 0.0112 3.3813 5.2398 4.5014 2.9486 -7.3023 -7.5414 -1.0942 -4.9256 0.1822 -3.5343 -6.147 4.2126 4.1521 -3.0156 -2.1326 -1.8135 -2.2875 0.0646 -1.8048 -1.8514 2.6474 0.7469 4.0892 -5.9275 1.9831 -0.3494 3.4051 -2.8817 1.0077 2.9616 -3.1207 
1.6207 -2.7034 2.6807 4.4525 6.8123 -1.5465 0.6115 2.3437 5.5259 3.9642 -5.7851 -5.0354 1.9184 -3.8096 0.282 -6.9271 -1.2389 0.9806 -0.6306 0.6744 -9.5256 5.1004 -1.9822 4.665 -2.5015 -3.7666 -2.9369 0.2475 -2.6809 0.0389 2.709 4.1931 3.9536 2.8138 1.5028 -1.1641 2.2745 0.9724 -2.6901 -4.2105 
3.5976 3.3578 5.3993 2.06 2.1774 -5.7357 1.2571 -0.3214 3.1612 -2.8204 0.4982 6.2256 0.027 2.675 6.3648 -3.7933 1.3144 0.4419 0.2304 3.1608 2.3329 3.1065 2.4191 -3.9185 4.8805 1.3209 1.1396 -3.5679 -0.5042 -0.5653 4.0675 0.6291 -7.2517 -1.6238 -0.523 4.011 6.1598 -3.1014 -1.5009 -3.9438 
-3.3894 6.4157 0.454 5.3768 -1.7866 -2.9412 0.6693 0.1801 -0.7993 -1.3705 1.1755 0.9177 0.7332 4.1872 0.3363 -1.7025 2.28 -2.6585 0.9821 -0.972 4.7424 -3.3547 3.7203 -0.6871 -0.1853 -8.2397 9.0799 -2.3742 4.1082 1.372 1.9717 5.9142 -3.0748 -1.3257 -1.7008 -1.1202 4.4487 1.4028 3.6629 -5.1926 
-3.1852 3.248 -6.5472 3.3653 -1.8846 5.2134 -4.9782 -0.6734 1.1741 5.5133 -0.2386 0.6362 8.7487 -1.3233 -3.3233 5.8593 -1.6403 -0.8913 0.4653 -6.8816 7.6488 0.4695 -1.9738 1.6638 -5.6495 0.2045 -2.9426 0.1592 3.7486 7.7701 -1.8628 -7.2903 -0.7682 2.2528 -1.6824 -0.2966 2.3378 0.7378 -5.2552 -2.7349 
-4.1883 0.8246 -0.8183 -0.47 2.546 1.7599 -3.563 2.0084 4.554 -3.7737 -3.8218 -2.9296 -1.4683 -6.8423 -5.8837 3.3326 7.1959 5.5828 -1.2139 -3.1352 5.3086 5.7294 0.1473 0.9444 5.2244 1.1769 -3.5841 2.1453 -0.517 -0.1953 2.5977 -1.4455 -2.6072 -0.0829 2.8537 5.5216 0.4147 3.4572 -3.1206 2.0879 
-2.062 4.3382 5.4412 -2.442 -4.7433 -5.6736 -3.2593 -0.2905 3.829 2.6503 -2.0519 -2.2929 4.1267 -1.3176 -3.8075 -4.3823 -3.6836 -0.1416 0.308 -2.4626 2.1113 1.7479 3.0437 2.9929 -8.0897 -7.0595 -2.7932 1.4499 1.2957 4.1171 -2.1536 0.0332 0.9204 2.7556 -4.6241 0.3156 1.2922 -0.2824 4.2642 0.2534 
7.1192 2.6323 6.7734 0.8465 -2.8022 -0.2551 7.7313 -0.7676 -5.8205 9.0785 -0.31 4.0799 -2.4076 -1.6661 0.487 -0.1142 -1.3185 1.7058 -0.3753 4.0924 0.216 0.8811 -2.7743 -2.0956 -0.9561 -1.3162 -2.2528 -3.8779 -3.8554 0.3605 4.2387 -3.5911 0.4328 -3.2858 0.8136 3.6128 -3.6087 -0.9231 -4.3008 -4.5731 
1.7803 -3.444 0.2106 0.4679 -2.1382 0.7364 4.5895 2.0795 0.1622 3.8182 -2.0567 1.0112 0.7558 -5.4274 6.7414 1.3037 -1.6147 1.6159 1.8728 0.2186 -2.0892 2.0064 5.9634 -5.2599 1.2318 -2.2699 6.06 4.4491 0.6076 7.702 3.3732 -7.53 -2.9442 3.0119 -0.7494 -3.2061 4.049 -5.8189 4.1567 2.5268 
6.1518 0.8103 2.775 -2.7271 6.2896 -0.8894 -0.5282 5.3129 8.0356 1.5958 -2.1732 0.1835 0.4763 -3.2907 -6.7254 0.1655 1.4843 -1.3914 -1.3063 -0.4286 -1.4594 -1.7672 3.9701 0.0901 1.8939 -2.9013 1.242 -8.1971 -3.8952 -7.2761 -2.7073 2.5008 3.9062 8.5238 1.7387 0.1606 1.4451 -1.8189 -4.9768 -1.5921 
0.4527 -1.0448 0.8264 -6.6444 1.5405 -5.1189 2.8505 0.2997 0.4256 -0.8094 -0.7998 0.2907 0.3188 -6.1802 -3.041 -2.4016 -1.9213 0.7802 4.4884 4.4985 -1.0156 2.6539 3.7641 -3.8949 3.9451 1.5709 -1.6291 2.627 -3.3931 3.0683 -6.8128 -2.8958 7.6916 -3.6064 -2.109 -5.4198 -7.5473 -1.1178 -4.877 -5.6188 
-5.5078 1.6629 -0.4708 2.9589 -8.7099 0.949 7.525 -0.7897 -3.5474 -6.4411 -3.7453 -0.9351 -2.8246 0.8946 -8.9155 -1.3572 1.16 3.2882 -0.7097 0.0942 -3.2348 -3.7166 -4.3861 3.7315 1.9571 -2.5331 -2.1716 3.4883 1.2305 -9.2854 -4.1483 -2.0459 6.7909 1.6745 2.5517 -0.5548 -0.7385 -4.3714 -1.4713 0.5581 
-0.7454 0.2535 1.2785 -6.5171 1.1074 -4.6794 -0.2924 3.8683 -2.4599 2.5035 -0.5995 -3.1241 -4.6366 -2.564 -5.2402 2.1115 0.6066 1.321 -6.584 2.1104 2.9361 -0.5612 5.786 -0.6554 -4.3559 2.8643 -0.7325 -1.5059 4.5022 -0.3409 -0.0979 4.0107 2.1685 -2.4452 -0.4196 5.7212 -0.6277 0.0176 1.9062 -5.3819 
6.534 4.0324 -3.669 -1.7041 1.1591 -0.7268 0.5525 -0.4931 3.5866 2.0572 2.5284 2.7182 -8.3007 0.3705 0.6516 -2.9396 -0.1157 1.2655 8.9558 1.034 4.3571 -0.0433 -0.1726 -1.664 -0.15 -0.3977 6.6842 3.2819 -1.0783 1.3986 -1.8823 -2.4783 0.7664 7.1744 1.1372 -1.0031 -1.1607 4.4705 4.8333 -2.2772 
5.3968 7.619 5.4335 -3.0766 -7.7345 0.3463 6.9227 -0.1201 0.0933 7.5996 3.9364 5.0386 -8.9571 2.4666 -8.8392 2.4833 11.601 3.9702 -2.2687 0.6481 -5.4845 -4.9349 2.9179 1.5287 4.5383 2.9145 -0.3522 -0.8258 2.1095 3.6674 0.2604 2.7152 -4.2364 0.0377 -1.366 -3.6577 -4.2048 0.0859 -5.4298 -6.3984 
4.9648 -2.0062 0.9624 -0.5643 11.131 -1.3418 -7.126 1.2644 -3.4718 -1.3709 -0.551 8.1146 -2.4602 1.2932 -2.9241 7.1564 -3.8846 5.8369 4.6446 6.9383 4.1786 -2.5342 -2.7039 4.2885 -2.6662 0.0692 -5.0699 -3.7347 0.4999 1.4232 3.5845 1.4048 -1.2357 -5.8339 1.3811 -6.2395 1.072 -5.7241 1.8203 -0.2934 
-1.0205 -2.3502 -1.3109 -5.7049 0.1046 -0.3548 3.6914 -1.1954 3.8401 -3.4803 -3.3991 1.2849 2.4859 -0.0507 2.8937 -3.467 -1.3303 -2.8271 6.5244 -6.9364 2.0462 -1.4649 -2.2464 -4.076 -5.0464 -0.474 7.2844 -3.8794 -1.143 3.636 0.0709 -0.1322 1.6629 -5.4287 -1.4571 2.3235 2.99 -2.0897 -1.2994 -7.0957 
-0.4567 0.4216 -1.2511 -2.0525 5.6789 3.4038 -0.7194 -0.4232 7.3092 -0.8182 3.1491 -1.8145 2.4899 9.8798 -2.7393 1.7127 0.0506 0.3981 -5.8825 7.9023 -8.8412 0.0446 -0.5713 -0.4209 2.9377 -4.6109 -1.6909 1.2938 -1.5011 -0.4476 -2.6118 -1.9355 0.0789 -0.5188 -1.0056 8.8495 -0.6295 -7.2808 1.5946 -0.8732 
8.522 4.4567 -1.7395 -2.1419 -1.9613 -0.6467 0.85 2.5023 3.5034 8.1316 -0.7322 -2.4526 -5.3938 -3.7834 4.5821 -0.4198 -8.7729 -2.8848 6.2322 -7.2722 2.4184 -6.1775 -4.0647 2.9065 7.3683 -4.4647 0.3867 0.5659 -3.2828 -3.2466 -2.5024 2.638 3.7501 6.4111 -7.801 -2.347 0.1457 4.1248 -6.2883 -2.9133 
3.8155 -6.2464 -1.3151 4.267 -1.9183 -1.799 -1.9178 3.324 -1.2037 0.3126 -3.7883 1.5319 1.7766 0.0172 -1.4471 0.8491 5.0726 -5.1676 1.4987 1.8149 6.3716 1.5754 0.2495 3.562 -1.9007 2.9332 0.6155 -6.0517 -5.7872 -4.3911 5.6448 -3.9393 1.9269 1.6417 -0.3932 6.3536 -0.4582 0.8652 1.7419 -0.0637 
1.3119 4.7218 -1.5656 6.2227 -1.8838 3.9393 -3.4742 3.5678 -4.793 -3.8673 -1.3503 1.4736 2.0086 -4.234 -8.2816 -4.6348 -7.0626 -2.238 -3.6588 -3.508 -3.4707 5.1925 5.917 2.7438 0.6313 -1.0428 0.0697 2.2494 -8.1645 -4.6195 0.4555 -3.2669 -2.7638 3.8397 -3.4272 -1.96 1.0553 -3.7671 5.6455 -1.0097 
2.408 -3.286 2.9368 6.2646 1.981 -4.0927 -4.5912 -6.2574 -5.7415 4.2783 5.9286 3.171 -6.6802 4.8718 -5.9692 2.5612 -4.8609 6.3057 -7.3422 -1.0124 -1.0568 1.2105 1.2549 -1.2494 4.2962 -2.0243 -3.5062 -0.3845 1.6096 -0.8167 3.4669 -4.4661 3.9806 -0.7599 -7.2775 3.2202 4.3442 -4.0182 3.7417 0.9616 
-3.4005 1.5345 -6.8765 3.1778 -5.4402 -0.789 -3.4635 -4.69 -3.1722 2.0565 -4.9681 5.5311 -0.1291 -0.0771 0.4657 -7.012 4.358 -4.8278 -3.2343 -5.8469 -0.402 -1.1758 0.1727 0.3027 -0.2815 1.2976 4.6419 -1.5122 2.4937 -0.6604 0.1486 -0.1379 0.4151 5.1308 1.6957 -3.3736 1.0418 0.2963 -3.3547 1.1648 
3.865 -6.2996 3.249 -5.9898 -1.3274 5.2773 0.6424 -0.1407 -0.7892 -1.8815 -6.2527 3.9008 2.6362 -0.5089 -1.7807 7.2484 -0.9851 -0.5006 3.6265 -1.6656 0.9762 8.7556 -3.4305 -6.3348 1.7343 -2.0735 -4.532 -2.5248 4.3465 -1.1802 1.9789 -3.7352 -4.647 -5.0452 -3.2041 -0.4743 -0.9469 5.5478 0.6246 1.5564 
0.9746 -0.683 1.4803 1.7546 0.3501 3.387 0.8296 -3.0579 5.0378 3.2948 0.135 -4.8224 6.1284 -3.2776 -2.9084 -0.092 2.0241 -0.3418 4.3426 3.4648 -5.7612 8.8338 0.3137 5.8639 -8.8238 -1.3428 2.44 3.7104 -2.2027 2.6608 3.381 -5.4054 2.2501 -0.6358 4.2842 -1.6357 -2.7044 -3.3933 6.7905 -0.5669 
26.439 56.345 17.551 21.08 
3.9451 3.9462 1.4621 -9.9235 3.0298 3.2714 6.9125 -16.5 2.6752 -6.2852 14.488 11.636 0.34499 11.363 -3.226 -10.759 -0.42787 4.3454 -14.592 2.3852 -3.84 -8.8802 22.495 4.509 -6.1192 -3.2443 -2.6987 10.879 8.4291 -6.8212 26.735 -2.4396 -4.7397 6.2186 4.14 
9.3264 -6.9899 17.694 1.4388 -1.0089 -8.7937 -1.8897 9.3788 3.8547 -15.826 -24.207 3.5014 -2.1282 -3.5116 6.7435 -0.60099 10.983 -8.6162 -3.805 5.8463 6.593 -6.3766 -11.099 1.3716 -16.889 1.7944 -5.5905 -9.1734 -19.173 -5.4682 -10.272 12.321 -6.0994 5.5469 21.688 
7.2969 -2.8401 0.85977 -4.8435 -6.4223 -0.5396 -4.3442 -13.234 5.4366 15.33 15.189 -5.0386 -11.559 0.7125 -0.99165 -8.8205 -3.1968 -2.4799 -18.428 -6.6991 1.2069 -4.3493 18.129 3.5685 -3.0665 6.0966 -10.567 -3.8661 4.7596 2.9661 -1.2283 16.949 -0.55461 -14.892 0.454 
-8.0998 14.269 -10.609 -4.1116 3.6509 1.5194 0.27503 -10.085 11.814 -5.384 15.103 29.082 3.7252 4.5546 5.4676 -10.28 12.022 -3.1515 -2.2237 -2.126 -5.2024 -13.063 2.5866 -3.0804 4.4892 36.324 0.69002 0.3249 -0.20961 1.2869 12.177 -9.9016 -5.2913 -20.449 -4.0843 
-4.3487 1.9686 7.8963 -7.9487 1.4659 -0.25666 -19.531 1.6228 -1.8583 -9.9047 18.424 9.5138 14.242 -5.5682 4.4155 17.281 9.3121 4.6322 11.324 -3.1512 -1.3852 7.5591 22.39 -1.3571 -3.8966 26.506 19.405 -5.1164 14.637 -12.188 23.207 5.2461 3.9723 0.96979 -4.107 
1.5977 -8.0652 5.9331 -1.0987 -0.01965 -1.9758 -0.0077247 -2.1874 -5.2739 8.663 -4.8166 -1.5607 1.2179 -0.5469 -6.0307 -0.6165 1.528 -0.8064 -3.0757 -6.9303 -7.1714 5.2015 4.027 4.6969 2.2323 2.2601 1.7254 -2.1808 -1.2205 4.3018 0.17829 0.6699 2.8698 -6.4225 -2.0473 -2.5644 -1.6323 -1.5041 1.9256 -3.5314 
-0.89101 0.17445 2.7585 -1.5669 3.4543 2.2955 8.0459 -1.9986 0.63877 -0.23929 4.6198 -0.22926 -2.13 -2.8908 -6.7538 -3.7138 -1.847 0.14829 -3.2918 2.315 0.77653 -0.64228 -0.066937 1.0736 7.1021 -5.0966 1.267 3.2886 0.44787 4.5339 -3.0553 -4.0376 2.3082 -7.1147 2.9478 4.2682 1.369 1.8291 1.6072 3.5301 
-4.8442 1.0216 -3.4757 -2.7633 -2.1023 1.7878 -1.2911 0.45676 -1.7159 -7.6707 2.1971 4.3186 -0.96031 -1.2567 4.1967 0.89235 -5.2997 0.33212 0.3956 -1.8511 4.549 1.5251 5.0413 -3.0324 0.30837 6.233 -4.2203 -2.8786 -1.9554 -1.6296 2.9609 -2.4201 0.19865 -9.2205 -1.9811 -6.6675 0.53702 -0.55687 7.894 2.98 
-1.85 0.51254 3.3926 -1.8695 1.6924 -0.79582 -6.1569 1.1542 6.9096 4.6938 -3.0614 3.0158 5.1901 2.8456 0.44644 -0.57809 -1.3138 -1.574 -0.76894 -3.5279 -0.057013 -3.213 -3.7477 -2.9822 2.339 -0.73719 -5.2525 -1.6455 4.5912 -6.2044 -7.7922 -0.048375 0.7211 0.64063 2.1086 -0.37825 -0.4352 -1.1848 3.7476 0.4284 
2.1652 -1.2749 2.4439 0.4603 -3.7672 1.0874 -6.4053 2.9978 10.686 -1.3177 5.7587 -3.15 2.0512 2.2761 6.0349 0.0116 -4.685 2.5698 -4.307 3.4945 -4.9945 1.7004 2.2122 2.2644 -7.5925 -2.4005 -0.6937 -1.5658 4.0954 -1.8355 6.7095 3.0378 -1.9292 -5.1027 2.3934 1.0484 0.3108 -1.7799 1.1489 -5.4799 
4.273 -3.3651 2.3808 1.4283 1.1281 -0.6237 -1.2793 3.8852 4.7243 6.7103 4.5216 0.4157 0.7726 4.1298 -3.6576 4.6894 1.0807 8.9403 -0.0826 3.2312 -0.8797 3.7626 -0.1752 5.6059 -3.3427 -1.2663 -4.0767 4.4309 -1.2264 -6.139 -5.5207 2.9047 -0.0076 -2.0005 5.0924 0.2717 -0.072501 2.7695 -3.527 3.5767 
1.4681 5.8809 -3.5595 -5.9807 6.3964 6.1397 -1.2732 -0.4795 6.0729 1.7198 -0.6939 6.0294 3.8139 4.2603 -0.9957 -3.0908 -6.5435 0.7172 3.6744 1.9432 4.3178 0.6046 1.5679 4.2536 2.9976 -3.5219 2.9054 5.7875 -1.3149 7.0166 -1.6128 -3.7337 -4.5138 1.1148 0.022 0.3269 2.9061 -3.3546 0.1416 -3.5053 
-0.1546 3.1386 6.0425 -0.2237 -2.111 5.049 -1.9088 8.6853 1.433 -1.2639 -4.1129 -1.0157 -6.8231 0.7741 3.0196 4.3508 0.4409 -9.5599 -3.3964 0.8592 5.6424 -0.926 -3.2097 4.7695 -3.2626 -7.7575 7.456 -3.3968 4.8715 0.6116 -3.4944 -0.2928 3.5616 -0.7349 0.0503 6.5778 4.1867 1.7356 0.9832 5.537 
5.8253 -5.4939 1.0579 7.9292 1.2383 -1.699 -3.3508 0.3511 1.0221 -3.4999 1.33 -2.8581 2.9882 0.3106 2.4978 -2.3444 -3.7399 -3.6459 -2.1919 -2.0154 -0.9553 -1.9203 -0.4682 -2.5355 -4.1538 -0.3876 2.5794 -5.8063 0.016201 -1.5493 0.127 -7.4903 2.1711 1.0989 3.3241 -6.162 1.304 -3.5233 -0.3422 1.2694 
3.4685 0.813 -0.7886 -3.4173 -0.5834 2.9624 0.4786 -4.4821 -1.1385 1.5219 -3.2464 2.5294 3.1956 -5.8154 6.3361 3.9918 4.6592 7.5618 -4.5654 -4.4372 1.7866 10.717 -0.3894 2.7299 -0.6756 0.5127 3.8895 0.8238 3.8655 -5.6641 5.6363 -2.1288 3.1504 -2.0908 2.6463 -0.6526 1.5622 -7.8232 5.2814 0.1285 
-5.1403 -2.5552 2.8458 2.8809 -6.559 -3.1538 -1.7708 2.8024 2.2631 4.9716 -0.1514 0.9416 -6.2863 0.254 -1.5044 -5.3851 6.1776 4.9864 -4.0133 2.0122 -0.6537 0.4726 -2.089 4.3748 -0.3098 5.6173 -1.1299 -2.7818 0.4565 -5.5556 2.506 1.8779 -3.5375 -3.783 5.2148 -4.6706 1.7502 4.0532 1.2488 -0.7956 
-1.9511 2.1302 8.9037 7.6146 -0.839 1.6788 -4.9597 1.7407 -2.371 5.2525 0.9009 -3.5667 5.6379 2.7593 -4.761 -4.5005 -0.2113 5.659 -0.1835 -5.4918 3.5877 -0.4598 0.2111 -6.3182 1.1202 1.0581 6.5734 -1.9863 -1.4057 -7.7545 1.7473 5.44 -4.6057 -3.842 -7.9793 -3.9146 -4.2774 1.0395 -3.3389 -3.4651 
1.888 -3.2997 -3.0507 -0.7266 0.7335 0.7678 -1.026 -3.083 4.0465 -0.9663 -1.9245 0.5078 -3.262 -1.7252 2.5164 0.359 4.7756 -2.3629 -4.9523 1.2452 1.1714 2.0038 -4.4187 0.5959 -2.5388 -2.7435 -0.9562 -2.0264 3.7083 4.4699 5.5133 -2.3678 -0.4567 6.9768 -5.751 -2.1478 1.1382 3.044 6.6693 -2.8481 
-2.261 -6.494 -0.7581 1.7572 3.1199 4.0697 -4.2119 6.0275 -3.7062 -0.7252 1.8559 -0.1515 -3.2959 -0.1637 0.4864 -3.6649 -0.1751 2.1506 3.0686 0.871 2.0235 3.3395 1.8817 3.1499 2.6046 0.8727 -8.3769 2.9984 -3.7879 3.5433 0.3647 6.1001 -4.7407 3.491 0.3872 -3.9806 5.9207 -0.1144 -5.1559 -0.3343 
5.5996 -1.513 -6.4098 1.1185 5.0004 -2.3244 -4.5803 4.5593 -0.3219 2.7154 -0.6657 6.0542 -2.3117 -0.7606 -1.7988 -0.3079 6.0831 0.4757 3.8156 -5.2193 -0.4271 1.1652 -3.4594 3.5198 -2.0244 2.8837 -2.3027 3.9046 -0.3052 4.4797 0.7397 -0.3442 -2.668 1.2673 -0.9677 1.5584 -4.1932 7.4822 3.9106 1.572 
-1.6242 -7.2644 -5.4639 5.4815 -4.4841 -0.1243 1.9672 -0.3796 -5.403 1.4354 -3.8063 -4.757 2.1656 -1.9496 -5.0927 5.9213 3.8884 -0.4571 3.0993 4.6749 -1.5387 -3.5083 0.6555 -2.1623 0.672 -6.7031 2.3587 0.1263 0.7193 -1.1438 -2.1509 -2.2214 5.1148 -1.6712 -2.3653 5.0537 -0.4368 4.3457 1.423 -0.403 
0.498 -3.3302 -3.4372 -1.4883 -4.3538 -0.5762 3.0824 -0.6436 -3.8574 0.8977 2.3932 -2.1978 7.4733 4.6649 1.0513 3.4198 3.107 -4.382 7.1145 5.6406 -0.0737 0.403 -1.3804 -2.4026 9.1136 0.9792 5.5015 1.9538 -6.0729 8.6143 -2.7875 0.4339 5.3897 -0.0289 -1.4233 1.1322 1.2355 2.5097 5.6037 -4.4414 
4.3765 0.7642 4.2149 2.2607 -3.9848 1.6359 0.5487 -1.9995 2.3999 3.7353 3.8211 -6.4956 -4.5175 1.7372 -5.9842 -1.1626 -3.2469 6.6335 1.8538 0.566 -6.7595 -0.7247 1.0818 -0.4072 2.9123 -4.5745 -3.1298 -0.6221 1.9054 -3.6968 -2.7607 -0.4633 3.5915 -5.1081 -4.9524 -5.9632 -3.3641 -3.0056 -0.2875 2.187 
0.3089 -4.0792 -4.5865 0.3544 -3.741 -0.6125 -1.5902 -2.0469 -1.694 4.2156 1.5104 5.2548 3.3291 2.5112 -2.8022 0.4015 -5.4321 5.582 -1.7324 2.2203 4.3504 4.2099 -1.4336 -0.6976 -2.8812 -0.4423 -0.544 -1.0088 2.0143 -4.076 -6.4837 3.321 -0.6691 -8.8983 5.3656 3.9939 -0.9431 4.8835 2.0317 -3.6746 
-2.9619 3.4285 4.8423 -0.7764 0.699 -1.9556 -1.3996 5.9925 0.3272 3.103 -0.2962 -3.7831 -3.1411 -2.5511 0.983 5.2013 -0.1151 3.0116 -1.0202 -2.7576 -3.1844 0.5421 4.6628 -1.0179 -4.6834 -1.8173 -1.9691 -4.1484 -6.5402 3.4394 -0.4294 -1.7791 -1.6743 0.4771 -4.3802 1.0742 1.1544 0.8833 -3.5184 4.3149 
-5.0597 -3.6826 -0.1514 6.2368 -0.899 -1.9181 -3.6796 1.9445 2.961 -6.3492 3.4975 -0.5987 4.3911 -6.2278 0.9841 -5.5448 -3.8245 0.7587 6.0501 1.5262 -0.6849 -2.502 2.8869 -1.4698 1.2927 8.884 4.1066 3.3453 3.8786 -1.2626 3.7572 3.7074 -0.3859 -7.4615 1.0323 -2.7708 -0.9248 2.8918 -4.8189 8.135 
-5.1071 -0.0885 -0.5062 1.9456 3.0745 -3.0036 -0.952 -3.746 2.943 -0.9721 3.1154 -4.5506 0.7018 0.3601 -0.3928 -1.9825 0.9795 0.3105 0.6817 -1.2513 3.5299 0.5239 -3.5368 7.2557 2.1954 7.7001 1.4213 4.0873 -2.754 3.545 7.5257 0.8097 1.1204 1.9028 -6.4813 -2.0378 4.5429 4.4102 2.8295 -1.7354 
-1.5434 0.2628 -0.4531 -1.5695 -0.3533 -5.2142 -2.4689 6.4706 -1.9588 7.4397 1.2635 -4.0687 -7.8407 2.9103 -2.3154 -1.8081 -0.2534 -2.0671 -1.9886 1.6906 -0.8169 1.3412 3.5275 1.2205 -0.5007 -0.7447 1.1113 -1.9842 1.7884 -2.108 -2.3418 -5.7568 1.0852 1.7921 4.2368 -3.8718 -0.5126 4.765 -3.2439 11.09 
1.119 1.3308 -3.1911 1.8337 -0.5962 -0.9179 2.7689 6.1604 -3.4517 0.2611 -9.3132 -4.3104 -7.3637 9.1261 -2.6859 -2.5711 -3.526 -4.9622 0.5577 -3.9516 -5.2495 -3.3076 -3.0362 7.4551 7.595 -1.4528 -4.6145 4.0111 0.9322 3.9867 1.4554 -1.3535 -2.2934 5.5784 -0.8641 -1.1045 -2.9939 2.3399 0.5648 0.4808 
5.6704 -1.8096 6.305 1.8528 -3.4098 1.6525 -1.2066 1.59 -9.8321 -4.4825 1.2433 -0.3098 6.0128 1.1682 -2.0904 -0.2172 -0.8075 -1.284 4.9922 -1.5413 3.3469 -3.1973 0.0159 -2.7368 -0.626 -0.076799 -3.1623 6.1011 0.0503 4.9827 0.8541 3.5029 -3.1419 3.7528 -0.3704 -3.1875 -0.5508 -0.4193 -1.6859 -0.4994 
3.3393 -3.4873 -6.619 1.7258 1.8213 -1.0723 -1.8888 5.11 -3.2892 -0.5023 -2.1651 5.6478 -1.8093 -0.5797 -2.1598 -3.2937 -0.1092 3.2351 -1.2804 -0.3309 -1.4797 -4.6395 -0.7183 3.0989 0.2228 1.3169 -2.5824 -3.1115 -0.8782 -5.2644 1.5594 -0.225 0.5788 3.7102 -1.6382 -4.3375 3.6709 -3.9947 1.346 -5.8126 
0.2204 3.0607 -1.7765 2.5841 0.495 -0.1043 1.0466 -2.8856 -1.4178 -1.9134 -0.795 2.6968 -3.6713 1.1254 -6.0973 -0.5563 5.4575 6.7935 -2.4665 8.8653 1.1224 0.1049 1.4155 -1.4338 1.5993 -0.2117 8.2649 8.3995 1.2578 5.1661 -0.2001 1.1454 4.9878 2.3197 2.3236 -0.3711 -2.7157 -5.833 0.861 2.2633 
-0.4716 -0.1646 3.4919 1.8722 5.6029 -2.2863 1.858 0.8845 -8.1543 3.8372 2.0684 2.066 -1.9286 2.7019 4.4572 0.5458 4.1373 0.9371 -2.1167 1.9543 -1.1926 -4.9315 -7.2472 -7.0647 1.6212 1.8616 1.8134 2.8898 -3.352 -0.3319 -2.8263 4.7132 4.6349 -2.7986 -1.3477 -2.291 -4.0489 -5.9496 -2.6142 3.232 
-4.2744 -8.0537 0.0877 -0.56 5.5457 -2.8969 3.5833 0.8547 2.019 2.8604 3.374 -6.527 4.7172 -1.2068 1.4955 -3.8172 3.7506 -1.12 -2.8512 1.4061 3.7584 -0.8847 -4.8134 4.4973 1.7191 -4.2438 6.2713 -4.037 4.1401 -0.2191 2.479 -6.2958 -5.8563 -0.2216 -5.5265 -3.8053 -2.4288 -1.8167 -1.5032 -1.7677 
-8.0624 -0.8075 1.8438 -3.0783 11.883 -0.2153 -5.4314 -3.4601 -0.4792 1.7868 -6.8249 3.1698 3.592 2.5159 -0.8825 8.604 -1.5126 0.722 4.3173 -0.4485 3.3459 1.5404 -4.2731 -0.9994 -2.7781 6.223 0.3291 -0.2356 0.8302 -3.8155 2.7204 3.2605 -4.6447 -3.5407 0.3277 -6.2815 -5.0769 -7.2601 -7.0252 2.3915 
1.5915 -2.5701 2.4586 -5.6141 -1.1367 -0.3265 -2.1044 6.5489 -3.8559 -1.7899 -2.5235 -1.8309 -4.7933 7.729 3.2921 -1.9697 -1.1483 -2.8705 -1.3912 -1.4288 -2.8143 0.9023 0.1973 4.1927 5.8991 -4.8139 -1.0106 3.5714 2.9142 0.3052 3.426 -0.2363 -5.2477 0.8678 -6.6154 -12.071 -1.364 0.5916 -1.6916 4.972 
1.5314 -2.2019 -0.2769 -1.5839 0.4217 -2.6676 0.8283 8.1201 0.1945 2.8693 1.7963 -1.1092 -2.991 -0.916 -1.8027 -8.9365 1.0892 -4.6025 2.3422 3.3644 7.9099 -4.7276 -2.0417 1.1605 0.1143 5.4479 -5.334 2.5471 -0.1744 -3.8402 -0.368 2.8874 -1.5089 1.758 -5.378 7.9855 5.4996 -1.2975 0.7239 2.2607 
1.6641 0.5261 -6.3645 -3.8269 2.7194 -4.2802 1.0898 6.8418 1.2891 0.7191 -0.8364 -4.2049 4.9791 -4.8112 2.5555 -0.0738 -7.5411 2.2466 -6.5995 -6.1891 -2.2754 4.9127 -0.3092 3.4926 -1.7312 -2.0052 1.9311 6.8845 -0.3578 -3.3111 -1.2758 -4.1004 0.1372 0.1822 1.2277 0.7526 3.7889 3.1143 -0.9717 -1.1547 
5.3251 5.724 5.412 2.1509 5.3419 -3.485 -0.8083 -2.0871 -0.3123 0.8599 1.7737 -3.0783 -5.2143 -2.4966 -0.756 -2.7758 -4.2442 -1.5106 1.4525 0.6109 -4.4197 -2.5694 1.8754 -5.0666 -1.597 1.2889 -8.0884 -6.9178 -6.5669 -2.3345 0.5293 -4.8564 -2.4036 4.9428 -0.4022 1.2869 -1.4476 6.4718 -4.8791 2.3217 
-0.2767 6.3156 2.2517 4.1856 1.8625 -2.8428 -3.276 -4.5911 1.5026 -1.646 -1.5447 -1.3837 2.1691 3.6782 -0.4022 9.3378 -2.2746 -2.6206 1.3554 6.1123 1.0515 0.0429 -1.4613 -4.4006 -1.4942 1.1701 -5.3051 2.7443 -0.5336 -1.5217 4.1442 5.0531 -0.8509 0.0945 -3.2996 -6.3841 -4.375 6.2286 -5.2131 1.1287 
34.186 -16.196 1.7648 38.659 
-0.70391 10.761 13.949 15.378 5.1392 9.9549 -6.5255 10.095 3.759 -10.996 6.7016 5.7319 5.241 -8.0388 -7.6519 -10.69 -4.6564 11.282 -2.4128 7.9603 -4.5793 17.2 5.3794 25.425 5.0727 -5.3371 -2.1315 -16.362 13.384 -7.6334 -12.956 -16.608 -0.19973 19.159 3.7409 
-4.9747 20.74 -6.1717 -9.3111 -6.9243 -4.9005 -2.0394 0.020712 5.1736 -1.6081 11.849 -8.4622 -9.1516 10.531 -9.9442 -5.269 19.024 3.0328 20.158 5.0837 -1.7273 -3.014 -5.0961 -5.2968 -4.8726 -14.106 5.8652 18.162 -3.5678 -20.372 1.4037 -20.808 0.061985 10.382 12.657 
-6.2218 10.306 6.2224 18.431 0.99625 -4.5294 -11.914 11.533 5.7345 -12.73 8.756 -24.842 5.7938 6.2317 -0.89591 -5.7867 6.3081 1.3444 -13.095 6.7511 -15.551 -2.2041 7.1363 1.5477 -2.2798 9.1971 -10.897 -0.53795 0.82259 13.972 13.694 -4.7737 -12.436 -3.7341 -0.12325 
-4.4984 2.4019 -14.347 -16.266 2.0492 25.213 -6.3861 11.585 12.315 15.07 6.1605 15.248 -1.7308 10.02 -12.699 8.3985 0.8926 -9.7455 11.678 0.56006 -2.438 0.022434 4.7835 16.629 8.5475 -12.208 1.2706 18.291 10.644 -5.632 8.2718 8.9031 2.5374 -0.87982 1.9916 
-9.1921 19.13 -4.4656 3.629 -0.34005 3.6021 1.942 0.1721 -2.5931 4.8242 -34.093 20.335 22.797 -1.4196 17.177 -4.5238 -36.58 19.786 -0.40173 16.793 8.4006 7.8931 4.2034 -13.031 5.7721 -17.429 4.741 6.5736 -9.6206 -0.56902 3.4817 -27.376 10.667 25.334 -0.16435 
2.3786 0.74944 0.38848 4.3181 7.9172 -4.7168 0.5489 -2.2645 -5.1348 3.4688 -1.4075 1.3711 -6.2669 0.55825 -6.002 -0.19122 -0.37545 -2.2602 -5.7053 -7.0547 0.49759 7.3061 0.2711 -2.5793 1.6067 4.98 0.49171 -0.61598 -2.0789 3.0564 -2.4637 -5.4633 -2.2718 5.8103 -2.6431 2.4688 4.5935 0.79868 -0.32385 3.4965 
1.579 1.7702 1.1971 -9.7556 -3.2154 -6.5354 1.6907 -0.52602 0.88339 0.68512 0.24974 -0.0386 -7.1026 1.3873 1.2212 -0.93209 -3.6059 -1.6109 -10.07 1.1826 3.9645 -2.7808 0.53784 -5.034 0.33373 -3.1207 4.1574 -1.7498 -6.1919 -1.1659 -0.81694 -5.147 -0.4273 -4.1398 1.9957 0.55785 1.1418 1.5097 4.766 -5.5454 
1.2437 5.6174 -1.6398 -0.93778 -1.6045 -2.6126 -3.8512 -2.9437 4.0321 -1.4506 -7.1344 -0.54332 -0.74064 1.6025 2.1261 0.51731 -5.0615 3.3768 3.987 -3.6315 -2.825 5.4824 1.9373 -3.7245 -3.5455 -0.18231 1.9697 -0.92615 -2.9074 6.4268 0.5727 -1.3081 -3.593 3.1018 1.7658 -4.769 -0.009125 0.024019 1.2287 -2.3056 
-2.1813 -2.4543 2.5433 -2.2032 5.5456 -1.2748 -0.80853 3.2854 2.9287 -0.61114 -0.31079 -0.9035 2.585 -2.496 2.1712 -2.2048 2.3239 8.1171 -0.94654 3.9596 2.2897 5.9109 -1.6073 1.6474 -2.7016 -7.3474 -3.889 -3.4821 0.17327 3.3762 3.6294 -2.3801 1.728 1.5074 3.2952 -2.1372 -2.5805 -0.14055 -4.4442 4.2326 
2.2751 -3.1033 1.2822 -2.2442 -5.5495 2.4711 7.8715 -3.3044 -0.8111 -3.1026 -2.5786 -2.7301 -5.3244 -0.5971 1.2422 -0.7886 -1.1918 1.9597 -2.5207 -1.1617 8.4126 -3.7147 -2.5339 1.5799 -0.4069 3.9627 5.6555 -1.7687 4.7804 4.4412 -2.953 -1.6425 6.1431 -3.9718 1.0656 0.0176 -1.8385 -2.2219 -2.5246 3.8856 
-4.9223 -8.5311 2.2447 1.5917 5.2268 -1.4841 9.93 -2.0646 4.8583 2.6068 1.1599 0.594 -6.8917 0.4046 -5.6949 -0.4174 -0.8764 2.963 -0.1499 -6.4414 3.0568 -2.4653 3.1054 5.9417 -3.8545 3.4572 3.5749 1.0149 -0.0452 3.6849 -2.7154 -0.9819 -0.9446 0.6665 -0.2719 4.8912 -1.7189 -3.0334 -1.5117 4.1288 
10.347 -3.7807 -1.4479 -3.6317 1.7289 3.4489 5.2142 5.2669 -0.2677 5.3347 -2.4637 -4.1848 0.4886 1.3734 -1.922 -3.1264 0.4761 -0.3545 -4.2957 -0.1921 0.6426 -5.0131 2.125 4.282 -0.5794 -6.5729 0.017301 -8.4437 -5.8976 -0.2792 1.5962 -1.1796 0.5799 -1.4426 8.0622 0.0162 -9.605 -1.0416 -3.5531 -2.0361 
8.0784 1.9713 0.5621 4.1224 -0.2493 -4.3984 -0.5987 -2.7152 -1.1494 -5.3995 0.9593 2.8066 3.189 1.6016 -3.2955 -3.3998 5.4448 1.937 0.1763 -3.7817 -1.9831 1.6456 -2.5091 -0.1869 -1.4576 -1.9089 -0.4336 2.1804 4.0056 -3.5065 -4.0796 -3.432 1.346 -3.3271 -5.0818 4.6508 1.8429 -1.6757 0.4372 -2.3665 
0.8288 -2.0183 -3.3238 1.2678 -3.3537 0.4587 -3.032 8.2294 -1.9033 0.6906 -0.5343 -0.5884 3.6962 1.3427 0.504 2.2248 2.4318 3.1306 -4.0518 1.3424 -4.9327 -0.9802 -4.1364 0.5833 0.2707 -2.4959 2.6733 1.6408 -2.5796 1.3317 -3.2226 -2.0828 5.2277 1.9429 -9.336 0.2287 6.1223 0.6885 -2.2357 1.6444 
3.9648 1.9256 -3.6111 2.8153 0.6663 -1.0115 -4.6827 1.6454 0.5239 2.6264 -0.0531 9.302 -3.406 -2.7144 -1.7319 -2.9238 -2.011 -2.6277 2.3779 7.7191 1.2331 4.6157 -1.5275 3.414 0.9753 -1.6273 -5.6426 -4.2625 -1.4195 -1.4422 -4.8111 -0.9172 -4.7878 -3.8565 -1.312 1.5822 -2.6179 4.1232 -6.4815 -3.7352 
-1.6594 3.063 0.1311 3.134 -0.2642 0.1614 12.37 -4.4402 6.4987 -3.2376 5.3051 4.4558 3.0206 -4.4479 -2.6402 -1.9183 -0.6828 1.2806 -6.5636 5.0912 -0.9682 -0.0652 -1.835 2.0666 6.3552 1.8834 0.9086 3.1602 4.1584 0.8563 0.5772 0.8966 3.3352 -3.3371 0.6869 -2.427 -4.8305 -1.8258 0.0569 7.4806 
-0.8992 -9.7943 2.5354 -0.3644 -4.6759 -5.7538 4.8179 1.8038 -4.1606 2.1782 -5.4024 -7.1097 0.5891 -2.672 3.9408 -3.6648 0.0633 -5.8379 4.0239 -0.2636 0.8514 3.4807 4.9126 -5.5938 5.3888 -3.4722 -2.6145 7.1625 0.2804 -1.4819 -0.0227 4.0177 2.3069 -2.1921 0.2363 4.5733 -1.928 -5.5998 -3.4011 -5.7731 
-2.3041 10.78 2.4159 1.3984 -0.465 3.5171 -1.6483 0.8341 1.1578 -6.578 0.7651 0.3929 -1.9357 -0.7758 -3.0134 -2.2268 -0.1561 1.8202 0.9968 0.0776 2.6619 0.6214 -1.3371 3.0878 -3.33 -1.5035 -1.7612 -2.5941 5.4546 2.4353 0.014901 -0.4906 2.8153 1.5397 4.6794 5.6539 1.5359 4.8967 1.1313 2.6524 
-0.1806 -2.3184 2.2856 6.8968 0.9866 -5.6555 0.5193 5.6001 1.8829 -0.1052 -4.0319 -9.8621 -1.3182 -0.377 2.9027 -0.044999 -4.3243 -5.9851 -6.0944 -4.6427 -4.3145 1.0465 2.178 4.2556 -4.3681 -0.5817 3.8588 2.6667 -6.2155 1.4214 -0.539 -1.6173 -4.8576 2.207 5.298 1.912 4.4956 1.0197 -4.7915 -3.8796 
0.3891 4.1074 -0.0115 -2.3594 5.472 -8.9632 1.5282 0.6965 0.5692 0.5003 3.6699 5.1162 1.6988 2.6775 -1.5096 3.9089 5.8529 1.3791 -2.75 4.0046 -7.417 -5.3194 -1.0198 7.3739 -1.4958 -0.0493 -3.3758 7.3356 -3.6956 -2.8195 1.5701 5.4017 3.3185 2.8039 -3.2659 -0.6259 -3.2467 -0.2423 4.5303 6.9099 
-1.7017 3.2632 0.6566 0.5125 3.2589 1.9864 -0.6917 -1.4621 -6.3166 0.1929 7.7575 -1.6775 -7.343 0.2366 4.2272 0.8256 -3.4413 5.8424 -1.8025 3.3092 -1.2568 -6.8572 -1.9215 0.6811 1.9412 -3.2984 -1.3094 -0.5799 -8.1901 -1.1551 -1.7084 -1.3463 -0.9207 1.0107 -3.5224 0.9355 -0.9784 2.283 3.19 -2.474 
-4.7359 1.9005 -1.7722 -0.8972 1.9745 1.6682 2.283 -3.4268 1.4281 6.6879 -3.3177 -2.4017 -0.1923 -5.8902 0.7994 -7.6378 -1.0915 -2.8587 -2.3564 2.8148 -2.4992 3.7305 0.6714 0.6089 3.6711 -0.859 -7.3804 -4.6848 -0.5399 4.3791 0.2543 -2.4744 -2.06 -1.6428 4.8187 -3.6532 0.328 -3.736 -4.6825 -0.8759 
4.3321 -4.7221 0.9996 -6.9809 -3.5503 -6.6127 -2.8865 -0.0646 1.8136 4.333 2.6463 5.8838 0.6083 4.089 -4.0124 -0.4634 -2.2216 8.121 4.7323 0.1651 -0.9874 -1.6528 -1.2866 0.5542 -6.206 -4.7267 -2.8409 -2.5789 -1.7707 -9.7324 2.9404 -5.2123 3.1285 -0.9659 3.6447 -3.4081 0.2288 -0.4727 -4.7587 0.8073 
2.1082 1.6169 -1.4505 2.2067 -3.8407 1.0055 3.8496 2.1952 2.8232 -0.9387 3.3963 2.7556 -0.5011 -3.319 4.3265 1.7969 5.9007 2.5299 7.2369 1.1221 -5.2031 0.6699 -2.0706 -4.3316 -2.8329 -1.5723 -0.1628 -1.1111 -4.7607 3.5515 4.8808 2.2524 1.3314 3.6521 1.7551 -0.052899 -8.4258 4.749 -1.6458 0.9144 
-0.6634 -3.7015 -3.9327 -2.1775 -8.1892 8.9305 -6.5493 3.1575 -2.7373 -0.9262 -2.7294 -5.6486 -0.7476 6.765 -2.2853 2.5933 4.9819 -5.1001 0.3722 -0.1835 -3.9536 2.7901 -3.7521 0.6201 3.8524 -2.2948 1.6284 -0.0304 0.6394 2.7044 -4.1846 -9.3396 -0.6257 -5.1377 -1.6246 -0.2985 0.4358 -0.5437 -4.5491 -2.8441 
-2.9777 -2.3702 4.2069 4.4329 -0.0264 -2.7798 1.4121 -0.6105 1.1405 4.1099 -4.0874 0.4036 0.706 2.6414 2.3241 1.6736 1.1399 2.6577 3.2386 -0.7455 3.3058 4.4623 1.577 1.1824 4.1201 1.2729 1.6119 -1.4231 -2.0012 -9.334 6.1987 0.6851 -2.7991 6.2679 2.0559 -2.6633 -0.0572 2.4612 3.9795 0.0888 
-0.393 -3.9804 9.4032 1.2733 0.8162 -5.6005 1.1849 -6.3469 -1.8696 -3.2122 2.5508 1.8132 1.7143 -0.010099 1.2024 0.4402 -1.2612 1.308 -4.6626 -3.2126 4.5768 0.0289 -4.9262 -1.3207 1.2977 -4.2281 -0.5603 5.9177 -3.1077 -2.3103 -0.9448 -1.4624 2.1882 -3.3603 -4.2928 4.8025 1.2784 7.4834 -2.3692 8.1429 
-6.3134 -0.3511 -4.9954 2.6666 -1.0195 -0.5382 -1.155 0.1605 2.3678 -1.4114 -3.5 -7.2823 4.4441 -6.4295 -1.2145 -4.5001 -1.3455 2.0188 1.2834 6.8981 2.1923 -6.773 -3.4207 1.0147 -2.0229 6.0709 1.6318 4.5966 -2.3794 -3.0932 3.1247 1.1677 7.7531 3.4563 -2.6221 5.7799 -3.8872 6.2057 0.1267 -2.4611 
3.0099 -3.903 10.194 7.3484 -3.0041 4.4281 -4.4933 -0.0242 -0.1055 4.4793 2.4616 -0.6485 7.3707 1.3252 1.6349 4.4839 -0.6807 -2.7641 -3.1535 3.6238 -0.0942 -3.1068 1.3447 -4.2975 -1.183 -1.3544 -0.8941 -2.8011 -3.3569 0.9411 -12.085 -6.5395 -1.5205 -1.8105 -3.2257 2.8484 1.9193 -5.0971 -3.2309 1.9174 
1.9594 -0.5698 3.7226 -1.5373 -3.8338 -0.4018 1.454 1.6818 -5.0761 6.2561 -5.1941 0.9085 2.926 -2.9737 1.1402 0.0429 2.5515 5.424 -0.0274 6.1684 1.5953 -2.2108 -1.6816 5.9239 -0.5666 -4.95 -5.0986 0.0656 -0.035 -4.6984 3.1056 -0.03 -3.3594 5.6914 -6.5188 -1.6306 1.959 0.6442 6.8352 -1.7985 
-0.3152 3.6149 6.859 0.246 6.6054 1.8074 -0.5501 -0.2854 2.2958 0.5308 0.1084 0.1247 3.7992 1.2378 8.5446 -3.7791 -1.3975 0.3846 0.7399 6.9627 1.517 0.9778 4.559 -5.1038 3.2948 -0.8806 0.7092 2.4855 1.3832 -2.8223 2.0762 3.8648 1.9919 -2.1764 -0.3602 2.6382 2.642 5.1381 0.0689 -3.3996 
-4.614 6.5591 1.9236 -6.4077 5.3847 1.3206 -6.3286 3.4474 9.6733 -7.1593 -3.4223 -6.3761 -0.0883 3.988 -4.9906 -1.8154 -4.5922 -0.8695 3.1066 2.1701 -0.369 1.1234 2.2382 2.6619 5.2803 4.8334 1.9213 1.0357 -0.3262 -1.198 -1.7295 1.7596 1.7004 4.9304 0.2391 -6.9914 5.8115 0.9107 -2.8246 0.3861 
4.4038 -2.7563 0.2856 3.203 -0.9857 -5.1085 -4.1254 -3.1125 1.155 -1.9585 10.441 -1.5651 8.7966 1.3761 3.3286 -1.6247 7.4595 0.6601 2.4662 0.8929 -3.6351 0.1112 0.9217 3.0733 -1.2405 1.61 1.351 -0.4626 -2.2198 0.9939 1.6011 2.9144 1.0008 2.3807 -1.1668 -4.6088 4.5884 0.2103 -0.9754 -4.7131 
7.6755 5.2999 -5.6666 2.5453 -0.8193 -5.3852 0.6075 0.3289 -1.5792 1.0634 -1.7541 0.534 -1.7615 3.6018 -1.9259 4.1237 -3.8876 -1.196 -0.2666 -0.8176 4.3177 -0.4945 5.4316 1.0007 4.9144 5.5874 -6.4016 -5.8118 4.2044 2.6259 -5.7582 -1.194 4.9792 -2.7171 1.0292 -3.8314 -8.843 3.3402 0.819 7.9311 
5.7947 2.6334 -2.8158 3.9934 3.8736 0.1819 1.1842 0.636 2.7526 6.7355 0.0635 1.1918 -1.5181 -6.5402 1.1114 1.0381 6.8334 2.7854 -2.8683 1.22 -1.8226 3.8766 -4.2885 -1.9901 -5.0744 -0.0676 -3.0822 -3.22 -2.2324 -2.9056 1.3455 -3.4907 -4.235 -2.7249 -3.1552 4.5989 5.165 5.7742 -5.3145 1.7459 
-0.2997 -5.5856 -0.5766 1.8014 -1.7528 -1.033 -2.7723 -0.6369 5.6537 5.4453 -3.7264 11.69 0.0381 -1.6076 6.5863 -5.5785 -4.5591 -2.2209 -0.1905 -3.4175 -6.3724 -3.775 -1.104 5.5978 -2.5548 1.0208 1.5468 0.4655 3.8153 -0.8205 6.0735 -4.8807 -2.9895 -1.5863 0.4418 2.3559 6.9693 -4.9165 4.6298 -0.2085 
-2.4708 3.5963 -2.1884 1.6639 -0.8214 1.0997 3.4372 3.408 -2.1469 5.2694 8.9369 -2.8854 -0.6166 1.1468 0.3101 -7.8726 -2.3193 6.4366 1.1142 1.7961 -4.0299 -2.2364 -0.8471 -0.9222 -7.9082 4.0748 5.7136 -2.5354 8.0363 6.4001 -7.4355 6.7877 0.5466 -2.0859 -2.0114 3.5322 -6.5242 -1.008 2.5027 -3.1861 
-6.1932 1.6151 -2.4676 -3.5607 5.514 3.4295 1.3223 -2.4397 6.0328 5.1723 5.5674 -4.9901 0.5679 5.0999 4.2387 -3.6592 -2.1137 -2.1368 5.1958 -0.289 4.4305 -4.1356 -3.4015 5.0283 -4.3074 4.6993 1.9868 0.8366 -11.972 -3.7427 -1.3123 0.1898 1.6781 6.0321 -4.7417 0.7631 0.8065 -3.857 -2.2334 -3.8078 
6.4629 -0.3718 -3.2056 1.061 2.3212 4.3586 7.0047 4.7424 2.5345 1.5702 0.7971 1.4272 0.027999 -3.5892 0.8483 1.2184 -7.1017 -1.8556 -5.1918 -2.551 0.7907 2.0762 3.937 -0.8299 2.0403 -5.9967 6.4232 0.7758 -0.2674 0.401 0.6733 -1.7973 -0.6274 -4.6901 -3.6531 1 4.3508 0.0148 2.1785 3.9479 
-3.2553 8.2022 -1.3799 -1.1553 4.3012 5.4176 -4.2817 3.3445 -7.43 -3.4652 4.2737 2.307 -0.745 4.6958 0.0010999 -6.5085 4.3871 2.4645 -1.9425 5.2184 1.7112 2.5291 -1.2381 3.2834 -4.9612 -6.2655 1.8045 -2.9962 4.2353 -4.2148 -3.6073 -9.7007 0.1306 -4.6549 3.56 2.8588 -3.3673 -0.7094 -1.2105 -0.436 
-3.377 -53.673 -44.069 42.404 
12.701 0.13248 -3.1999 7.9087 -5.9018 12.312 -11.222 7.2193 3.1722 4.6476 7.2264 4.7466 -6.2972 3.1175 -10.948 4.7062 4.1208 -9.9199 11.547 -17.128 3.8787 7.0531 -5.543 -6.3413 -13.534 -9.2574 11.817 -11.312 12.449 12.19 8.8253 -2.7647 17.233 3.5446 1.1336 
-5.2316 -1.1487 0.10836 21.338 -11.887 -2.6945 -6.5627 -14.801 5.1597 -10.535 12.057 -11.714 16.792 -3.6057 1.3971 -3.8026 -20.843 -20.808 -6.1773 -7.919 -6.0944 -3.4237 7.2167 5.1105 -4.5599 15.287 1.5789 12.26 -2.1285 -7.7967 -2.7013 6.0583 -1.72 -9.0055 -8.4648 
22.259 -20.222 2.5033 -6.949 12.928 17.196 -9.7746 -5.4438 3.7879 1.2361 -1.2683 -6.9555 1.4279 -7.8865 -13.757 3.8917 -17.176 -5.0301 -1.6269 12.746 11.009 -2.2337 -3.7193 -14.84 1.4921 0.53825 -3.1455 0.66711 -2.3166 13.435 -5.8656 12.537 -6.2182 -9.5529 4.1176 
11.069 -12.132 3.6348 9.1685 -1.5976 8.7611 -6.5756 -9.3616 6.8543 5.4902 -19.015 -12.396 -18.445 -8.8 2.4601 -14.801 -0.53803 -3.4263 -17.023 0.51221 2.897 -11.517 -3.4571 -22.698 27.319 -3.6992 11.362 -2.4243 6.1744 -8.1452 -6.1554 -5.281 0.098611 3.9632 -1.508 
